[3]
14
Opponent3_D1 208.44330200000388 55 66 0 54 0 0 0 0 1 1 63 0 2 0 0 0 
Opponent3_D2 190.47660300000075 55 53 2 51 0 1 1 0 0 0 50 0 2 0 0 1 
Opponent3_D3 333.49000699999897 47 49 0 45 1 0 1 0 0 2 46 0 1 0 0 0 
Opponent3_D4 97.81640099999908 35 34 1 32 0 1 0 1 0 0 33 1 0 0 0 0 
Opponent3_D5 12.53219099999933 4 7 0 4 0 0 0 0 0 0 7 0 0 0 0 0 
Opponent3_F1 19.66052899999957 24 12 2 15 2 3 0 0 2 1 10 0 0 0 1 0 
Opponent3_F2 76.00256099999967 30 28 1 24 1 2 0 2 0 2 26 0 0 0 0 0 
Opponent3_F3 7.86915399999998 5 4 0 3 1 1 0 0 0 0 4 0 0 0 0 0 
Opponent3_M1 140.65755700000162 71 67 3 64 0 1 2 1 0 1 63 0 3 0 0 0 
Opponent3_M2 43.40129500000012 13 13 0 13 0 0 0 0 0 2 10 0 0 0 0 1 
Opponent3_M3 247.09668099999806 47 52 0 45 0 0 1 1 0 2 49 0 1 0 0 0 
Opponent3_M4 143.95763700000055 48 45 2 44 0 2 0 0 0 0 38 0 2 0 4 1 
Opponent3_M5 87.80019599999923 7 8 0 7 0 0 0 0 0 1 7 0 0 0 0 0 
Opponent3_G1 194.49423199999978 30 33 1 29 0 0 0 0 0 0 24 4 0 5 0 0 

[19]
14
Opponent3_D1 210.62004899999818 58 64 0 55 0 1 2 0 0 0 63 0 1 0 0 0 
Opponent3_D2 127.62085199999999 49 56 1 47 0 0 1 0 0 5 49 0 2 0 0 0 
Opponent3_D4 173.1210399999998 47 38 2 39 0 4 2 0 0 2 35 0 0 0 1 0 
Opponent3_D5 98.04122700000048 34 51 1 32 0 0 1 0 0 1 49 1 0 0 0 0 
Opponent3_D6 4.084450000000288 8 3 0 7 0 1 0 0 0 0 3 0 0 0 0 0 
Opponent3_F2 28.69931700000032 29 19 1 27 0 1 0 0 0 1 18 0 0 0 0 0 
Opponent3_F3 3.4307120000003124 1 3 0 1 0 0 0 0 0 0 3 0 0 0 0 0 
Opponent3_F4 154.51477500000104 44 43 0 42 0 2 0 0 0 2 38 0 1 0 1 1 
Opponent3_M1 104.93965299999854 31 17 0 30 0 0 0 1 0 0 16 0 1 0 0 0 
Opponent3_M2 145.43984399999994 42 41 2 37 0 2 0 0 1 0 39 0 1 0 0 1 
Opponent3_M3 128.8272620000015 59 63 1 58 0 0 0 0 0 2 59 0 2 0 0 0 
Opponent3_M4 56.93429800000146 33 25 2 27 0 2 0 1 1 0 24 0 1 0 0 0 
Opponent3_M5 80.01315900000014 46 56 0 45 1 0 0 0 0 0 52 0 4 0 0 0 
Opponent3_G1 57.998775000001956 17 19 3 14 0 0 0 0 0 0 13 0 0 6 0 0 

