[10]
14
Opponent10_D1 26.215650000000096 17 17 0 16 1 0 0 0 0 0 14 0 3 0 0 0 
Opponent10_D2 55.53677200000118 16 21 0 14 0 1 0 0 1 2 17 0 2 0 0 0 
Opponent10_D3 28.67844299999979 23 10 5 14 2 1 0 0 1 1 9 0 0 0 0 0 
Opponent10_D4 35.77656099999905 26 30 1 21 0 4 0 0 0 5 21 1 3 0 0 0 
Opponent10_D5 51.88212799999894 16 21 1 14 0 0 1 0 0 1 19 0 1 0 0 0 
Opponent10_F1 14.688981000000922 22 4 3 6 4 8 0 0 1 1 1 0 0 0 0 2 
Opponent10_F2 0 1 1 0 1 0 0 0 0 0 0 1 0 0 0 0 0 
Opponent10_F3 111.89147000000048 2 1 0 2 0 0 0 0 0 0 1 0 0 0 0 0 
Opponent10_M1 92.86398299999917 23 32 2 20 0 0 0 0 1 2 29 0 0 0 0 1 
Opponent10_M2 33.96307599999972 18 21 2 15 0 1 0 0 0 0 18 0 1 0 1 1 
Opponent10_M3 40.754789999999275 24 28 2 22 0 0 0 0 0 4 23 0 1 0 0 0 
Opponent10_M4 12.688519999999926 11 12 0 9 0 0 0 1 1 0 11 0 0 0 0 1 
Opponent10_M5 70.37801799999943 1 1 0 0 0 1 0 0 0 0 1 0 0 0 0 0 
Opponent10_G1 38.48478499999953 14 15 0 14 0 0 0 0 0 0 3 6 5 1 0 0 

[25]
14
Opponent10_D3 155.10741099999916 31 26 2 25 0 4 0 0 0 2 21 0 0 0 0 3 
Opponent10_D4 14.221698000000288 4 5 0 3 0 0 1 0 0 1 3 0 1 0 0 0 
Opponent10_D5 150.40859199999863 31 37 1 28 0 0 2 0 0 1 31 0 5 0 0 0 
Opponent10_D6 62.993134000000964 24 37 0 23 0 0 1 0 0 4 32 0 1 0 0 0 
Opponent10_F1 4.677639000000113 9 3 2 3 0 1 0 0 3 0 3 0 0 0 0 0 
Opponent10_F2 13.702833999999939 11 8 0 10 0 1 0 0 0 1 7 0 0 0 0 0 
Opponent10_F3 5.437909000000218 3 4 0 3 0 0 0 0 0 0 4 0 0 0 0 0 
Opponent10_F4 13.050841000000219 8 9 1 7 0 0 0 0 0 0 9 0 0 0 0 0 
Opponent10_M2 14.07370000000003 8 5 0 6 0 2 0 0 0 0 5 0 0 0 0 0 
Opponent10_M3 272.7240790000027 30 33 1 29 0 0 0 0 0 0 32 0 1 0 0 0 
Opponent10_M5 44.045504999999594 31 22 1 27 0 3 0 0 0 0 21 0 0 0 0 1 
Opponent10_M6 49.032685999998876 34 34 2 31 0 0 0 0 1 1 32 0 1 0 0 0 
Opponent10_M7 76.53674400000193 35 36 0 34 0 0 1 0 0 1 34 0 1 0 0 0 
Opponent10_G1 114.99329199999863 14 14 1 13 0 0 0 0 0 0 8 0 1 5 0 0 

