[18]
14
Opponent18_D1 77.77295300000151 28 30 0 28 0 0 0 0 0 1 28 1 0 0 0 0 
Opponent18_D2 75.9904619999993 25 26 1 21 1 1 1 0 0 1 23 0 2 0 0 0 
Opponent18_D3 337.8857739999994 28 35 1 26 0 1 0 0 0 2 27 1 5 0 0 0 
Opponent18_D4 93.03097700000018 28 28 0 28 0 0 0 0 0 2 26 0 0 0 0 0 
Opponent18_F1 4.393069999999966 1 1 0 0 0 1 0 0 0 0 1 0 0 0 0 0 
Opponent18_F2 11.610222000001158 14 12 1 11 0 2 0 0 0 1 11 0 0 0 0 0 
Opponent18_F3 33.54192399999829 9 7 0 9 0 0 0 0 0 0 7 0 0 0 0 0 
Opponent18_M1 144.49050299999885 34 35 3 31 0 0 0 0 0 0 35 0 0 0 0 0 
Opponent18_M2 121.56838599999952 25 28 2 20 2 1 0 0 0 3 25 0 0 0 0 0 
Opponent18_M3 120.74733299999963 32 17 3 25 0 4 0 0 0 0 17 0 0 0 0 0 
Opponent18_M4 200.75005200000015 34 43 2 32 0 0 0 0 0 1 41 0 1 0 0 0 
Opponent18_M5 155.89496600000126 26 25 0 26 0 0 0 0 0 1 24 0 0 0 0 0 
Opponent18_M6 8.343320000001768 5 5 0 5 0 0 0 0 0 0 5 0 0 0 0 0 
Opponent18_G1 29.065045000000055 13 10 0 13 0 0 0 0 0 1 5 1 2 1 0 0 

[34]
12
Opponent18_D1 141.629927 20 23 2 18 0 0 0 0 0 1 22 0 0 0 0 0 
Opponent18_D2 159.92659600000127 28 24 1 26 0 0 1 0 0 1 22 0 1 0 0 0 
Opponent18_D3 147.09889899999905 41 34 2 37 0 0 2 0 0 4 29 0 1 0 0 0 
Opponent18_D4 38.45989899999995 22 16 1 20 0 1 0 0 0 1 13 0 0 0 0 2 
Opponent18_F2 8.447744000000966 8 2 2 3 0 1 0 1 1 0 2 0 0 0 0 0 
Opponent18_F3 41.938939999999775 23 20 0 19 1 2 0 0 1 1 18 0 1 0 0 0 
Opponent18_M1 216.69447500000024 26 29 1 25 0 0 0 0 0 1 27 0 0 0 1 0 
Opponent18_M3 30.22215999999986 10 15 1 9 0 0 0 0 0 1 13 0 1 0 0 0 
Opponent18_M5 20.695088000001306 13 13 1 12 0 0 0 0 0 0 13 0 0 0 0 0 
Opponent18_M7 71.14452900000074 33 45 4 29 0 0 0 0 0 5 40 0 0 0 0 0 
Opponent18_M8 98.00697900000009 23 24 1 20 0 1 1 0 0 2 22 0 0 0 0 0 
Opponent18_G1 28.914108999999883 9 11 1 8 0 0 0 0 0 0 5 1 1 4 0 0 

