member name | ball catch time | catch ount | pass count | catch_Head pass | catch_Simple pass | catch_Launch | catch_High pass | catch_Hand pass | catch_Smart pass | catch_Cross  | pass_Head pass | pass_Simple pass | pass_Launch | pass_High pass | pass_Hand pass | pass_Smart pass | pass_Cross 
[16]
14
Opponent16_D1 147.51107200000286 47 65 1 45 0 0 1 0 0 3 60 1 0 0 1 0 
Opponent16_D2 189.20774900000063 62 66 1 58 0 2 0 1 0 5 58 0 1 0 1 1 
Opponent16_D3 326.57249799999863 77 72 2 66 0 8 0 0 1 4 64 1 2 0 0 1 
Opponent16_D4 157.34824999999793 48 62 1 45 0 0 2 0 0 7 54 0 1 0 0 0 
Opponent16_F1 111.73039800000271 48 36 5 40 1 2 0 0 0 0 33 0 2 0 0 1 
Opponent16_F2 170.66915399999908 49 36 0 43 0 4 0 0 2 0 33 0 1 0 1 1 
Opponent16_F3 26.80298400000015 23 15 2 13 1 3 0 1 3 2 13 0 0 0 0 0 
Opponent16_F4 18.91786999999931 6 9 0 6 0 0 0 0 0 0 9 0 0 0 0 0 
Opponent16_F5 50.13218099999813 12 11 0 12 0 0 0 0 0 0 9 0 1 0 1 0 
Opponent16_F6 7.545425999999679 4 3 0 2 1 1 0 0 0 0 3 0 0 0 0 0 
Opponent16_M1 379.9734600000011 85 89 6 79 0 0 0 0 0 2 79 0 8 0 0 0 
Opponent16_M2 138.69231300000303 54 50 2 44 0 5 1 1 1 1 42 0 6 0 0 1 
Opponent16_M3 215.57860099999806 83 76 4 76 0 0 1 1 1 1 69 0 3 0 0 3 
Opponent16_G1 25.081825999999637 7 15 1 6 0 0 0 0 0 0 9 1 0 5 0 0 

[33]
12
Opponent16_D1 62.66231399999896 29 29 0 27 0 1 1 0 0 1 28 0 0 0 0 0 
Opponent16_D4 152.536929000001 42 57 1 41 0 0 0 0 0 3 48 2 2 0 1 1 
Opponent16_D5 60.33296299999972 39 36 1 35 1 2 0 0 0 2 33 0 1 0 0 0 
Opponent16_F1 33.61743900000056 18 12 0 16 1 0 0 1 0 1 11 0 0 0 0 0 
Opponent16_F3 198.89751200000023 25 15 2 12 5 3 0 0 3 1 14 0 0 0 0 0 
Opponent16_F4 37.28843299999971 8 7 2 5 0 0 1 0 0 0 6 0 1 0 0 0 
Opponent16_F6 14.890312000001131 25 14 2 20 2 1 0 0 0 0 13 0 0 0 1 0 
Opponent16_M1 69.62618599999928 45 50 2 42 0 0 0 1 0 6 40 1 1 0 2 0 
Opponent16_M2 4.529306000000361 4 4 1 3 0 0 0 0 0 1 3 0 0 0 0 0 
Opponent16_M3 99.81295099999818 49 45 3 38 0 4 1 3 0 0 40 0 2 0 1 2 
Opponent16_M4 85.00245499999988 44 58 2 41 0 1 0 0 0 1 52 0 5 0 0 0 
Opponent16_G2 30.337908999999854 11 12 0 11 0 0 0 0 0 0 3 6 0 3 0 0 

