member name | ball catch time | catch ount | pass count | catch_Head pass | catch_Simple pass | catch_Launch | catch_High pass | catch_Hand pass | catch_Smart pass | catch_Cross  | pass_Head pass | pass_Simple pass | pass_Launch | pass_High pass | pass_Hand pass | pass_Smart pass | pass_Cross 
[20]
14
Opponent19_D1 92.3055219999992 26 29 2 21 0 1 2 0 0 2 23 0 3 0 0 1 
Opponent19_D2 86.21232199999992 17 24 0 15 1 1 0 0 0 2 20 0 2 0 0 0 
Opponent19_D3 38.14639199999988 9 13 2 7 0 0 0 0 0 2 10 1 0 0 0 0 
Opponent19_D4 297.87749399999916 28 21 3 22 0 1 1 0 1 2 15 0 2 0 0 2 
Opponent19_F1 23.54113700000073 20 17 1 13 0 4 0 2 0 2 13 0 1 0 0 1 
Opponent19_F2 0 7 2 0 2 0 2 0 0 3 0 2 0 0 0 0 0 
Opponent19_F3 0 2 3 0 0 0 1 0 0 1 0 3 0 0 0 0 0 
Opponent19_M1 156.24096299999968 35 32 1 31 1 2 0 0 0 5 25 0 2 0 0 0 
Opponent19_M2 20.58816400000012 11 18 2 8 0 0 0 0 1 0 17 0 1 0 0 0 
Opponent19_M3 208.83610500000242 36 27 2 30 1 0 1 0 2 1 21 1 2 0 1 1 
Opponent19_M4 49.432291000000305 22 24 1 21 0 0 0 0 0 0 20 0 0 0 1 3 
Opponent19_M5 13.58708200000001 8 9 2 5 0 1 0 0 0 0 9 0 0 0 0 0 
Opponent19_M6 12.836341999999604 1 1 0 1 0 0 0 0 0 0 1 0 0 0 0 0 
Opponent19_G1 8.878731000000244 8 10 0 8 0 0 0 0 0 0 5 1 0 4 0 0 

[24]
14
Opponent19_D1 20.609119000000305 16 24 0 16 0 0 0 0 0 4 16 1 2 0 0 1 
Opponent19_D2 29.707613000000038 11 10 0 11 0 0 0 0 0 1 9 0 0 0 0 0 
Opponent19_D3 40.927692000000775 13 20 1 12 0 0 0 0 0 3 11 2 4 0 0 0 
Opponent19_D4 16.803042999999434 16 17 1 15 0 0 0 0 0 1 13 1 1 0 0 1 
Opponent19_D5 2.6142079999999623 1 3 0 1 0 0 0 0 0 2 0 0 1 0 0 0 
Opponent19_F1 21.799187999999276 18 13 0 12 2 4 0 0 0 0 12 0 0 0 1 0 
Opponent19_F2 36.17039800000009 29 17 4 12 8 2 0 1 2 0 17 0 0 0 0 0 
Opponent19_M1 63.774216999999794 9 17 2 7 0 0 0 0 0 1 15 0 1 0 0 0 
Opponent19_M2 1.7865789999996196 1 2 0 1 0 0 0 0 0 0 2 0 0 0 0 0 
Opponent19_M3 16.11426700000004 18 15 2 15 1 0 0 0 0 2 12 1 0 0 0 0 
Opponent19_M4 26.24431700000042 15 12 1 12 1 1 0 0 0 0 12 0 0 0 0 0 
Opponent19_M5 35.51984299999975 22 21 1 18 0 2 1 0 0 2 18 0 1 0 0 0 
Opponent19_M6 0 4 1 1 0 2 1 0 0 0 0 1 0 0 0 0 0 
Opponent19_G1 34.79474800000071 13 14 3 8 1 0 1 0 0 0 2 10 0 2 0 0 

