member name | ball catch time | catch ount | pass count | catch_Head pass | catch_Simple pass | catch_Launch | catch_High pass | catch_Hand pass | catch_Smart pass | catch_Cross  | pass_Head pass | pass_Simple pass | pass_Launch | pass_High pass | pass_Hand pass | pass_Smart pass | pass_Cross 
[1]
14
Huskies_D1 166.83304200000066 44 52 2 39 0 1 2 0 0 3 47 0 1 0 0 1 
Huskies_D2 82.7258610000003 30 36 0 30 0 0 0 0 0 1 35 0 0 0 0 0 
Huskies_D3 157.0027500000005 47 48 0 46 0 1 0 0 0 2 42 0 4 0 0 0 
Huskies_D4 37.17328699999996 23 17 0 21 0 1 0 0 1 0 16 0 1 0 0 0 
Huskies_D5 98.12198899999703 20 17 0 18 0 1 1 0 0 1 15 0 0 0 0 1 
Huskies_F1 22.84831599999984 19 11 4 7 0 5 0 2 1 1 9 0 0 0 0 1 
Huskies_F2 119.78524000000061 46 38 2 42 0 1 0 0 1 1 31 0 2 0 2 2 
Huskies_F3 5.2861659999998665 13 9 0 11 0 1 0 0 1 0 9 0 0 0 0 0 
Huskies_M1 187.4577019999989 51 52 0 47 0 3 0 0 1 2 48 1 1 0 0 0 
Huskies_M2 17.57996599999933 15 20 1 14 0 0 0 0 0 1 19 0 0 0 0 0 
Huskies_M3 90.48282600000289 37 45 1 36 0 0 0 0 0 0 45 0 0 0 0 0 
Huskies_M4 12.86896600000091 8 9 1 7 0 0 0 0 0 1 8 0 0 0 0 0 
Huskies_M5 51.0902530000003 4 3 1 2 0 1 0 0 0 0 3 0 0 0 0 0 
Huskies_G1 69.30802399999982 12 12 1 9 1 0 1 0 0 0 2 0 6 4 0 0 

[2]
13
Huskies_D1 28.489830999999867 16 23 1 14 0 0 1 0 0 2 20 0 1 0 0 0 
Huskies_D2 22.346082000000024 9 10 0 9 0 0 0 0 0 1 9 0 0 0 0 0 
Huskies_D3 40.01557599999967 17 21 0 16 1 0 0 0 0 2 15 2 2 0 0 0 
Huskies_D4 16.968248000000017 15 9 1 14 0 0 0 0 0 1 8 0 0 0 0 0 
Huskies_D6 100.9644939999992 22 16 3 17 0 2 0 0 0 1 11 0 4 0 0 0 
Huskies_F1 27.197650999999382 20 9 1 7 1 11 0 0 0 0 8 0 0 0 0 1 
Huskies_F2 249.74346000000014 20 19 0 16 2 1 0 0 1 0 16 0 3 0 0 0 
Huskies_M1 62.59411500000033 15 29 1 14 0 0 0 0 0 2 25 0 2 0 0 0 
Huskies_M2 1.066063000000213 1 8 0 1 0 0 0 0 0 0 8 0 0 0 0 0 
Huskies_M3 23.07904000000019 12 17 3 9 0 0 0 0 0 1 16 0 0 0 0 0 
Huskies_M4 32.87974099999951 7 9 0 7 0 0 0 0 0 0 9 0 0 0 0 0 
Huskies_M6 0.9441040000001522 4 5 0 4 0 0 0 0 0 0 5 0 0 0 0 0 
Huskies_G1 15.070529000000192 21 5 0 21 0 0 0 0 0 0 0 2 2 1 0 0 

[3]
14
Huskies_D1 81.59815200000139 29 37 0 28 0 0 1 0 0 1 35 0 1 0 0 0 
Huskies_D2 105.2482270000005 29 37 0 29 0 0 0 0 0 1 34 0 2 0 0 0 
Huskies_D3 94.09037499999934 34 41 1 29 0 1 3 0 0 1 39 0 1 0 0 0 
Huskies_D4 51.402979000000926 27 19 1 26 0 0 0 0 0 0 18 0 1 0 0 0 
Huskies_D6 96.17590599999915 28 21 0 24 0 3 1 0 0 0 19 0 2 0 0 0 
Huskies_F1 2.787720999999692 9 2 0 3 4 2 0 0 0 0 2 0 0 0 0 0 
Huskies_F2 75.00609100000077 37 31 0 32 1 4 0 0 0 1 28 0 2 0 0 0 
Huskies_F3 8.598005000000285 12 9 0 11 1 0 0 0 0 0 9 0 0 0 0 0 
Huskies_M1 108.76148300000011 35 34 0 34 0 0 1 0 0 0 34 0 0 0 0 0 
Huskies_M4 61.72653800000012 18 24 0 17 0 0 1 0 0 0 22 0 2 0 0 0 
Huskies_M6 33.8845849999999 21 21 0 18 0 3 0 0 0 0 21 0 0 0 0 0 
Huskies_M7 49.88048499999968 17 22 0 17 0 0 0 0 0 0 22 0 0 0 0 0 
Huskies_M8 6.913674000000356 2 2 1 1 0 0 0 0 0 0 2 0 0 0 0 0 
Huskies_G1 355.6492550000013 26 24 1 25 0 0 0 0 0 0 9 6 2 7 0 0 

[4]
14
Huskies_D1 78.72144699999927 28 39 0 26 0 0 2 0 0 3 33 0 3 0 0 0 
Huskies_D2 106.97210300000016 39 43 1 36 0 0 0 0 2 2 41 0 0 0 0 0 
Huskies_D4 131.03905899999938 39 43 0 36 0 2 0 1 0 0 38 0 2 0 0 3 
Huskies_D5 108.77184599999998 46 46 3 34 0 3 3 2 1 2 38 0 3 0 0 3 
Huskies_F1 13.57676900000024 6 3 0 2 1 1 0 0 2 0 3 0 0 0 0 0 
Huskies_F2 256.85120700000067 36 24 4 24 1 3 0 0 4 1 20 0 1 0 2 0 
Huskies_F3 14.709634999999821 18 9 1 10 3 3 0 0 1 0 8 0 0 0 0 1 
Huskies_M1 68.3797259999979 30 33 2 26 0 1 1 0 0 3 27 0 2 0 0 1 
Huskies_M2 13.356354000000351 13 10 1 10 0 2 0 0 0 2 8 0 0 0 0 0 
Huskies_M3 87.56894300000097 31 32 2 29 0 0 0 0 0 1 30 0 1 0 0 0 
Huskies_M4 34.308156000000054 19 18 0 18 0 1 0 0 0 1 14 0 2 0 0 1 
Huskies_M6 44.90805399999921 24 29 2 21 1 0 0 0 0 2 25 0 0 0 1 1 
Huskies_M9 2.8987120000001596 6 4 0 6 0 0 0 0 0 0 4 0 0 0 0 0 
Huskies_G1 283.905417999999 19 21 1 18 0 0 0 0 0 0 7 6 2 6 0 0 

[5]
14
Huskies_D1 82.89808099999806 36 39 0 34 0 0 2 0 0 3 34 0 2 0 0 0 
Huskies_D2 174.0752590000002 21 25 0 21 0 0 0 0 0 5 19 0 0 0 1 0 
Huskies_D3 109.37096199999951 33 38 0 32 0 0 1 0 0 2 35 0 1 0 0 0 
Huskies_D4 77.15899200000024 24 28 1 22 1 0 0 0 0 0 27 0 1 0 0 0 
Huskies_D5 59.84769999999804 30 31 2 24 0 3 0 1 0 1 26 1 1 0 0 2 
Huskies_F1 9.288014000000658 8 3 0 5 2 1 0 0 0 1 2 0 0 0 0 0 
Huskies_F2 61.176305999997226 50 34 3 40 3 3 0 0 1 1 33 0 0 0 0 0 
Huskies_F3 17.088662000000113 11 9 0 11 0 0 0 0 0 0 9 0 0 0 0 0 
Huskies_M1 107.3422490000022 48 53 2 46 0 0 0 0 0 1 52 0 0 0 0 0 
Huskies_M3 113.3699510000024 47 58 1 45 0 0 1 0 0 1 56 0 1 0 0 0 
Huskies_M4 25.730818000000568 19 14 1 16 0 0 0 1 1 0 14 0 0 0 0 0 
Huskies_M5 12.198143999999957 7 4 1 5 1 0 0 0 0 0 4 0 0 0 0 0 
Huskies_M6 51.642171000000076 32 28 3 27 1 1 0 0 0 1 26 0 0 0 1 0 
Huskies_G1 99.56981299999944 16 18 2 14 0 0 0 0 0 0 5 7 2 4 0 0 

[6]
14
Huskies_D2 78.11952599999984 27 28 0 27 0 0 0 0 0 1 26 0 1 0 0 0 
Huskies_D4 41.94107699999995 25 23 0 22 0 2 1 0 0 0 19 0 0 0 2 2 
Huskies_D5 148.61817800000063 30 26 2 20 0 7 0 1 0 1 19 0 3 0 1 2 
Huskies_D6 66.17102900000037 23 29 1 22 0 0 0 0 0 4 20 0 5 0 0 0 
Huskies_D7 11.669294999999693 4 4 1 3 0 0 0 0 0 0 2 0 0 0 1 1 
Huskies_F1 152.6851340000003 25 10 2 9 1 7 0 3 3 1 8 0 0 0 0 1 
Huskies_F2 29.835281999999665 23 19 0 20 0 2 0 0 1 0 19 0 0 0 0 0 
Huskies_F4 3.7378889999999956 8 4 0 4 0 2 0 2 0 0 4 0 0 0 0 0 
Huskies_M1 157.02788499999895 51 62 5 45 0 1 0 0 0 1 57 0 3 0 1 0 
Huskies_M2 16.030415999999832 14 15 0 14 0 0 0 0 0 1 13 0 0 0 1 0 
Huskies_M3 225.99996600000065 42 53 1 41 0 0 0 0 0 2 46 0 5 0 0 0 
Huskies_M4 35.3742400000001 15 13 1 12 0 1 0 0 1 2 10 0 0 0 1 0 
Huskies_M6 89.48643300000111 19 21 1 16 0 0 0 1 1 1 19 1 0 0 0 0 
Huskies_G1 88.96722000000022 12 11 0 12 0 0 0 0 0 0 5 0 5 1 0 0 

[7]
14
Huskies_D1 143.20421899999883 36 43 1 33 0 0 1 0 1 5 35 0 2 0 0 1 
Huskies_D2 168.28089500000027 43 49 3 36 0 0 2 0 2 4 43 0 2 0 0 0 
Huskies_D4 112.64646800000094 44 41 2 40 0 2 0 0 0 1 34 0 1 0 0 5 
Huskies_D5 97.58208700000034 45 46 4 41 0 0 0 0 0 5 36 1 1 0 0 3 
Huskies_F1 30.185119000001578 22 17 3 9 3 4 0 0 3 2 15 0 0 0 0 0 
Huskies_F2 51.98713400000088 14 13 0 13 0 0 0 0 1 1 11 0 1 0 0 0 
Huskies_F3 7.384965999999622 5 5 1 4 0 0 0 0 0 0 5 0 0 0 0 0 
Huskies_F4 17.619654999999845 23 10 1 16 0 1 0 0 5 0 10 0 0 0 0 0 
Huskies_M1 131.18023000000056 52 61 6 46 0 0 0 0 0 5 54 0 1 0 0 1 
Huskies_M3 95.5580729999991 30 36 0 30 0 0 0 0 0 2 34 0 0 0 0 0 
Huskies_M4 22.17909299999974 10 9 1 9 0 0 0 0 0 1 8 0 0 0 0 0 
Huskies_M6 46.70163699999938 32 23 2 27 1 2 0 0 0 0 21 0 0 0 0 2 
Huskies_M9 21.788841999999363 14 16 3 9 1 1 0 0 0 2 14 0 0 0 0 0 
Huskies_G1 38.757037999999625 14 15 1 13 0 0 0 0 0 0 6 4 2 3 0 0 

[8]
13
Huskies_D1 122.65753699999945 36 45 0 33 0 0 3 0 0 4 37 0 4 0 0 0 
Huskies_D3 96.04615699999965 30 41 2 27 0 0 1 0 0 2 37 0 2 0 0 0 
Huskies_D4 75.33301999999912 37 32 3 31 0 1 1 0 1 0 31 0 1 0 0 0 
Huskies_D6 93.19334799999945 33 20 2 27 0 3 0 1 0 1 18 0 0 0 0 1 
Huskies_F1 22.897046000000046 20 13 1 17 0 2 0 0 0 2 11 0 0 0 0 0 
Huskies_F2 90.39278599999983 24 24 2 18 1 3 0 0 0 0 23 0 1 0 0 0 
Huskies_M1 237.52532400000092 38 35 1 36 0 1 0 0 0 2 33 0 0 0 0 0 
Huskies_M3 190.53065699999956 27 35 0 26 0 0 1 0 0 0 34 0 1 0 0 0 
Huskies_M4 0 1 1 0 1 0 0 0 0 0 0 1 0 0 0 0 0 
Huskies_M5 2.7627459999994244 1 3 0 1 0 0 0 0 0 0 3 0 0 0 0 0 
Huskies_M6 48.8992730000009 12 16 0 12 0 0 0 0 0 0 16 0 0 0 0 0 
Huskies_M9 35.025698000000034 17 14 0 14 0 3 0 0 0 0 13 0 0 0 1 0 
Huskies_G1 32.95274300000068 16 16 0 16 0 0 0 0 0 0 4 1 5 6 0 0 

[9]
13
Huskies_D1 153.92675900000023 14 23 0 12 0 0 2 0 0 2 19 0 2 0 0 0 
Huskies_D2 10.240386999999998 4 6 0 4 0 0 0 0 0 1 5 0 0 0 0 0 
Huskies_D3 36.270463000001 19 18 1 17 0 0 1 0 0 0 18 0 0 0 0 0 
Huskies_D4 21.819000000000415 17 12 0 15 0 1 0 0 1 1 8 1 1 0 0 1 
Huskies_D7 332.0416859999997 17 16 0 16 0 1 0 0 0 1 15 0 0 0 0 0 
Huskies_F1 11.253337000000101 14 7 0 5 2 4 0 1 2 2 4 0 0 0 0 1 
Huskies_F2 18.738312999999835 21 16 1 19 0 1 0 0 0 0 13 0 1 0 0 2 
Huskies_M1 12.27720399999987 9 14 3 6 0 0 0 0 0 0 14 0 0 0 0 0 
Huskies_M4 23.78469099999893 11 10 3 8 0 0 0 0 0 1 8 0 1 0 0 0 
Huskies_M6 21.02096399999948 13 16 0 12 0 0 0 0 1 1 14 0 0 0 1 0 
Huskies_M9 582.8286809999996 17 17 3 14 0 0 0 0 0 2 15 0 0 0 0 0 
Huskies_M10 7.06681799999933 4 5 0 4 0 0 0 0 0 0 5 0 0 0 0 0 
Huskies_G1 2.8702299999995375 7 8 0 7 0 0 0 0 0 0 1 1 3 3 0 0 

[10]
14
Huskies_D2 64.95855700000152 24 35 2 21 0 0 1 0 0 3 30 0 2 0 0 0 
Huskies_D3 97.99435800000032 26 40 1 25 0 0 0 0 0 3 33 0 4 0 0 0 
Huskies_D4 108.05760900000189 43 40 4 38 0 1 0 0 0 1 37 0 0 0 0 2 
Huskies_D7 190.37999500000092 44 40 2 38 0 4 0 0 0 1 34 0 2 0 0 3 
Huskies_F1 83.56815599999982 15 9 1 6 2 5 0 0 1 1 7 0 1 0 0 0 
Huskies_F2 150.11974900000257 50 45 0 46 0 2 0 0 2 1 39 0 3 0 1 1 
Huskies_F4 4.728447999998934 19 4 1 9 0 6 0 0 3 0 4 0 0 0 0 0 
Huskies_M1 228.26240500000085 40 55 1 38 1 0 0 0 0 0 53 2 0 0 0 0 
Huskies_M4 62.836231000000566 30 32 0 29 1 0 0 0 0 3 27 0 1 0 0 1 
Huskies_M5 62.73158299999841 21 21 0 21 0 0 0 0 0 0 20 0 0 0 1 0 
Huskies_M6 9.045249999999214 5 3 1 4 0 0 0 0 0 0 3 0 0 0 0 0 
Huskies_M8 16.42272200000025 18 11 0 14 1 0 0 2 1 0 11 0 0 0 0 0 
Huskies_M11 34.59860199999912 11 16 0 11 0 0 0 0 0 0 14 0 2 0 0 0 
Huskies_G1 15.121946000000435 13 8 0 13 0 0 0 0 0 0 1 3 3 1 0 0 

[11]
13
Huskies_D1 22.630090999999766 9 14 0 8 0 0 1 0 0 1 12 0 1 0 0 0 
Huskies_D3 27.82607800000062 14 22 1 12 1 0 0 0 0 2 15 2 3 0 0 0 
Huskies_D4 28.17543599999999 12 13 0 10 0 1 0 1 0 2 10 0 1 0 0 0 
Huskies_D7 326.17887599999983 17 13 2 13 1 1 0 0 0 0 8 2 3 0 0 0 
Huskies_F1 1.9707250000001295 7 3 2 2 2 1 0 0 0 0 1 0 0 0 1 1 
Huskies_F2 22.967295000000604 19 17 1 16 0 2 0 0 0 0 15 0 0 0 1 1 
Huskies_F4 380.8080269999997 15 8 1 5 0 6 0 1 2 1 7 0 0 0 0 0 
Huskies_M1 46.437574999999924 19 32 1 17 1 0 0 0 0 2 29 1 0 0 0 0 
Huskies_M4 48.52897800000005 23 18 3 18 2 0 0 0 0 3 13 0 1 0 1 0 
Huskies_M6 11.398278000000573 10 16 0 8 1 0 0 1 0 0 15 1 0 0 0 0 
Huskies_M10 4.829400999999962 8 4 0 8 0 0 0 0 0 0 3 0 1 0 0 0 
Huskies_M11 83.0231809999998 13 15 0 13 0 0 0 0 0 0 15 0 0 0 0 0 
Huskies_G1 20.65069200000022 14 8 0 14 0 0 0 0 0 0 2 3 2 1 0 0 

[12]
14
Huskies_D1 26.627082999999175 16 16 0 16 0 0 0 0 0 2 14 0 0 0 0 0 
Huskies_D3 14.25926000000041 8 14 0 8 0 0 0 0 0 0 12 1 1 0 0 0 
Huskies_D4 36.791284000000246 15 12 1 13 0 0 0 0 1 1 9 1 0 0 1 0 
Huskies_D7 13.711413999999877 9 11 0 8 0 1 0 0 0 0 10 0 1 0 0 0 
Huskies_F1 10.813930000000255 5 6 0 3 0 1 0 0 1 0 5 0 0 0 0 1 
Huskies_F3 9.912247999999636 3 4 0 3 0 0 0 0 0 0 3 0 1 0 0 0 
Huskies_F4 12.098052999999709 15 8 1 11 2 1 0 0 0 0 8 0 0 0 0 0 
Huskies_M1 119.18259899999975 16 17 2 13 0 1 0 0 0 1 15 0 1 0 0 0 
Huskies_M3 12.734918000000334 6 8 0 6 0 0 0 0 0 1 7 0 0 0 0 0 
Huskies_M4 8.439056999999593 7 6 0 7 0 0 0 0 0 0 6 0 0 0 0 0 
Huskies_M6 13.516794000000345 14 15 1 11 0 0 0 1 1 0 14 0 0 0 0 1 
Huskies_M8 10.161113999999998 6 9 1 4 0 1 0 0 0 1 7 0 0 0 0 1 
Huskies_M10 0 2 3 0 1 0 1 0 0 0 0 3 0 0 0 0 0 
Huskies_G1 13.553626000000122 10 3 0 10 0 0 0 0 0 0 1 0 2 0 0 0 

[13]
14
Huskies_D1 39.912831999999696 11 15 2 9 0 0 0 0 0 2 12 0 1 0 0 0 
Huskies_D2 27.192652000000635 13 18 1 12 0 0 0 0 0 2 13 0 3 0 0 0 
Huskies_D3 70.1034660000006 23 29 0 21 0 0 2 0 0 5 19 0 5 0 0 0 
Huskies_D4 8.54108900000017 4 4 0 4 0 0 0 0 0 0 4 0 0 0 0 0 
Huskies_D7 62.543187000001865 29 25 0 27 1 0 1 0 0 3 18 0 3 0 0 1 
Huskies_F1 104.7943010000007 37 8 2 11 9 14 0 0 1 1 7 0 0 0 0 0 
Huskies_M1 83.21653200000048 28 37 3 25 0 0 0 0 0 0 36 0 1 0 0 0 
Huskies_M3 49.67395000000033 19 31 2 17 0 0 0 0 0 3 27 0 1 0 0 0 
Huskies_M5 126.35011099999974 8 11 1 7 0 0 0 0 0 0 11 0 0 0 0 0 
Huskies_M6 296.6334989999983 20 18 4 16 0 0 0 0 0 2 16 0 0 0 0 0 
Huskies_M8 97.47228999999726 26 24 1 23 1 1 0 0 0 0 23 0 1 0 0 0 
Huskies_M9 8.547403999999915 9 5 1 8 0 0 0 0 0 0 5 0 0 0 0 0 
Huskies_M10 24.479420999998183 10 8 0 10 0 0 0 0 0 0 8 0 0 0 0 0 
Huskies_G1 46.19233699999995 10 14 1 9 0 0 0 0 0 0 0 11 0 3 0 0 

[14]
14
Huskies_D2 68.56295400000141 27 38 0 26 0 0 1 0 0 3 34 0 1 0 0 0 
Huskies_D5 72.01645000000238 32 31 0 29 0 3 0 0 0 0 25 1 3 0 0 2 
Huskies_D6 80.34397999999857 27 36 0 27 0 0 0 0 0 5 28 0 3 0 0 0 
Huskies_D7 54.311068999999065 29 30 0 28 0 0 0 0 1 1 21 0 7 0 0 1 
Huskies_F1 28.005664999999738 36 12 1 12 6 15 0 1 1 0 12 0 0 0 0 0 
Huskies_F2 177.4557870000024 50 54 2 47 1 0 0 0 0 0 48 1 4 0 1 0 
Huskies_M1 83.604430000001 33 46 2 31 0 0 0 0 0 0 45 0 1 0 0 0 
Huskies_M4 70.381302 29 26 1 23 0 2 0 0 3 1 24 0 0 0 0 1 
Huskies_M6 182.01637000000062 33 28 2 27 1 3 0 0 0 1 26 0 0 0 0 1 
Huskies_M8 26.774122999999918 25 21 1 23 0 1 0 0 0 0 21 0 0 0 0 0 
Huskies_M9 5.472399999999652 2 3 0 2 0 0 0 0 0 0 3 0 0 0 0 0 
Huskies_M10 15.385207999999693 3 3 0 3 0 0 0 0 0 0 3 0 0 0 0 0 
Huskies_M11 13.941372999999658 6 6 0 6 0 0 0 0 0 0 6 0 0 0 0 0 
Huskies_G1 94.83776300000028 15 13 2 13 0 0 0 0 0 0 1 6 5 1 0 0 

[15]
14
Huskies_D1 10.399916000000303 4 5 0 4 0 0 0 0 0 1 3 0 1 0 0 0 
Huskies_D2 46.54198199999877 15 22 1 13 0 0 1 0 0 4 17 0 1 0 0 0 
Huskies_D5 47.140710000001434 25 22 1 22 1 1 0 0 0 1 18 0 3 0 0 0 
Huskies_D6 38.231047000001126 18 24 0 15 0 0 3 0 0 5 15 1 3 0 0 0 
Huskies_D7 56.16012199999841 32 33 1 31 0 0 0 0 0 1 26 2 2 0 0 2 
Huskies_F1 45.33214500000037 30 15 3 7 8 9 0 3 0 3 11 0 0 0 1 0 
Huskies_F2 102.82617999999889 34 34 4 30 0 0 0 0 0 0 32 0 0 0 2 0 
Huskies_M1 225.14877600000113 23 33 3 20 0 0 0 0 0 2 31 0 0 0 0 0 
Huskies_M3 20.373547000000144 5 5 2 3 0 0 0 0 0 0 5 0 0 0 0 0 
Huskies_M4 171.4115369999999 24 24 0 19 0 2 0 2 1 3 19 0 0 0 2 0 
Huskies_M6 32.769394999998894 26 22 1 21 2 0 0 1 1 0 21 0 1 0 0 0 
Huskies_M8 13.714557999999442 13 6 2 10 1 0 0 0 0 0 5 0 0 0 1 0 
Huskies_M10 11.813149000000521 9 10 0 9 0 0 0 0 0 0 10 0 0 0 0 0 
Huskies_G1 57.44228500000065 13 16 2 11 0 0 0 0 0 0 2 9 1 4 0 0 

[16]
13
Huskies_D2 0 6 6 0 6 0 0 0 0 0 2 4 0 0 0 0 0 
Huskies_D5 338.25729399999994 5 7 1 4 0 0 0 0 0 1 6 0 0 0 0 0 
Huskies_D6 4.945400999999947 3 7 0 3 0 0 0 0 0 3 4 0 0 0 0 0 
Huskies_D7 5.387948999999935 8 4 0 6 0 0 2 0 0 0 3 0 1 0 0 0 
Huskies_F1 5.915965000000142 9 5 0 3 3 3 0 0 0 0 5 0 0 0 0 0 
Huskies_F2 17.631827999999814 13 9 2 10 1 0 0 0 0 0 8 0 1 0 0 0 
Huskies_F4 11.071045999999797 8 2 0 6 0 2 0 0 0 0 0 0 1 0 1 0 
Huskies_M1 14.964048999999818 9 10 0 9 0 0 0 0 0 0 10 0 0 0 0 0 
Huskies_M3 2.0350409999996373 2 4 0 2 0 0 0 0 0 0 4 0 0 0 0 0 
Huskies_M4 3.7190160000000105 3 6 0 3 0 0 0 0 0 0 6 0 0 0 0 0 
Huskies_M6 6.439914999999928 6 8 2 3 0 0 0 1 0 0 7 0 1 0 0 0 
Huskies_M8 5.107601999999133 5 6 1 4 0 0 0 0 0 0 5 1 0 0 0 0 
Huskies_G1 3.969732000000022 3 6 0 3 0 0 0 0 0 0 0 3 1 2 0 0 

[17]
14
Huskies_D2 62.086241000000086 22 28 0 22 0 0 0 0 0 4 23 1 0 0 0 0 
Huskies_D3 0 0 1 0 0 0 0 0 0 0 0 1 0 0 0 0 0 
Huskies_D5 137.16138500000034 37 41 1 35 0 1 0 0 0 6 35 0 0 0 0 0 
Huskies_D6 83.25761899999827 33 32 1 30 0 1 1 0 0 0 28 0 4 0 0 0 
Huskies_D7 47.48890100000028 27 23 1 25 0 0 1 0 0 1 20 0 1 0 0 1 
Huskies_F1 27.836034000000154 12 9 1 5 2 4 0 0 0 1 7 0 0 0 0 1 
Huskies_F2 40.38948099999959 34 30 4 28 2 0 0 0 0 1 28 0 1 0 0 0 
Huskies_M1 89.39183999999966 44 60 2 41 1 0 0 0 0 3 55 1 1 0 0 0 
Huskies_M3 164.74685100000204 41 40 4 36 1 0 0 0 0 1 38 0 1 0 0 0 
Huskies_M4 5.88228700000036 2 3 0 2 0 0 0 0 0 0 2 0 1 0 0 0 
Huskies_M6 39.24561599999947 23 18 2 18 0 2 0 0 1 1 17 0 0 0 0 0 
Huskies_M8 8.921662000000197 11 6 0 10 0 0 0 0 1 0 6 0 0 0 0 0 
Huskies_M9 2.881768000000193 5 6 0 4 0 1 0 0 0 0 6 0 0 0 0 0 
Huskies_G1 32.6518199999997 13 7 2 11 0 0 0 0 0 0 1 4 0 2 0 0 

[18]
13
Huskies_D2 71.20255500000019 25 33 0 25 0 0 0 0 0 3 29 0 1 0 0 0 
Huskies_D5 58.89061300000037 28 36 1 27 0 0 0 0 0 4 28 0 3 0 1 0 
Huskies_D6 128.6163210000003 41 38 3 37 0 0 1 0 0 0 35 0 3 0 0 0 
Huskies_D7 60.27693099999959 23 25 2 18 0 3 0 0 0 3 19 1 2 0 0 0 
Huskies_F1 57.01691700000103 18 7 0 9 2 7 0 0 0 0 7 0 0 0 0 0 
Huskies_F2 56.21487299999916 33 29 1 29 1 1 0 1 0 1 27 0 1 0 0 0 
Huskies_M1 100.8832520000002 45 56 3 42 0 0 0 0 0 3 51 1 1 0 0 0 
Huskies_M3 79.51158699999877 33 35 3 30 0 0 0 0 0 3 30 0 2 0 0 0 
Huskies_M4 20.88491600000043 10 11 0 10 0 0 0 0 0 0 11 0 0 0 0 0 
Huskies_M6 29.500651000000005 23 20 5 16 0 2 0 0 0 1 19 0 0 0 0 0 
Huskies_M8 16.546362000000386 15 11 0 14 0 1 0 0 0 0 11 0 0 0 0 0 
Huskies_M10 3.7436410000009346 4 3 0 4 0 0 0 0 0 0 3 0 0 0 0 0 
Huskies_G1 27.63954300000114 14 8 0 14 0 0 0 0 0 0 5 1 1 1 0 0 

[19]
14
Huskies_D1 44.16844499999905 14 27 0 13 0 0 1 0 0 4 17 0 6 0 0 0 
Huskies_D2 10.210240999999769 4 6 0 4 0 0 0 0 0 1 5 0 0 0 0 0 
Huskies_D3 51.46984400000076 26 30 1 25 0 0 0 0 0 3 23 4 0 0 0 0 
Huskies_D5 55.49326699999915 24 23 1 22 1 0 0 0 0 2 19 1 0 0 0 1 
Huskies_D7 53.363060999998595 27 23 1 24 0 2 0 0 0 1 19 0 1 0 0 2 
Huskies_F1 39.86168400000071 35 13 3 8 14 8 0 0 2 3 10 0 0 0 0 0 
Huskies_F3 14.16665699999976 11 11 2 7 0 1 1 0 0 1 9 0 0 0 0 1 
Huskies_M1 66.40340500000059 10 15 0 9 0 0 1 0 0 0 15 0 0 0 0 0 
Huskies_M3 59.33455100000026 27 36 0 24 1 0 1 0 1 2 31 0 3 0 0 0 
Huskies_M4 29.15827899999988 13 8 0 13 0 0 0 0 0 0 8 0 0 0 0 0 
Huskies_M6 32.77437900000052 27 21 5 18 1 1 0 0 2 1 18 0 2 0 0 0 
Huskies_M8 11.30820800000015 7 8 1 6 0 0 0 0 0 0 6 1 0 0 0 1 
Huskies_M11 16.796952000000147 9 10 2 7 0 0 0 0 0 0 10 0 0 0 0 0 
Huskies_G1 32.628397000000405 14 17 2 12 0 0 0 0 0 0 2 11 0 4 0 0 

[20]
14
Huskies_D1 62.22372500000074 18 22 0 16 0 1 1 0 0 0 15 0 6 0 1 0 
Huskies_D2 29.59785500000055 14 17 1 13 0 0 0 0 0 2 14 0 1 0 0 0 
Huskies_D5 78.64574000000067 28 26 1 24 0 1 1 1 0 1 22 0 2 0 0 1 
Huskies_D6 37.79426299999966 19 25 0 16 0 0 3 0 0 2 15 0 8 0 0 0 
Huskies_D7 90.80784900000003 25 18 1 19 0 3 2 0 0 1 15 0 2 0 0 0 
Huskies_F1 7.06259799999998 14 4 2 1 1 9 0 0 1 0 4 0 0 0 0 0 
Huskies_F4 5.774413000000095 8 3 0 5 0 2 1 0 0 0 3 0 0 0 0 0 
Huskies_M3 59.38559999999961 27 36 1 24 0 1 1 0 0 2 29 1 4 0 0 0 
Huskies_M4 41.03278000000114 20 23 2 16 0 2 0 0 0 2 21 0 0 0 0 0 
Huskies_M6 26.53664700000013 17 26 1 16 0 0 0 0 0 2 23 0 1 0 0 0 
Huskies_M8 12.372662999999193 9 6 0 7 0 1 1 0 0 0 6 0 0 0 0 0 
Huskies_M11 0 0 1 0 0 0 0 0 0 0 0 1 0 0 0 0 0 
Huskies_M12 39.76992800000056 24 11 3 17 0 4 0 0 0 1 10 0 0 0 0 0 
Huskies_G1 164.67884299999957 7 12 1 5 1 0 0 0 0 0 1 1 0 10 0 0 

[21]
14
Huskies_D1 111.27370700000012 36 43 0 33 1 0 2 0 0 3 38 0 2 0 0 0 
Huskies_D3 102.25386699999956 36 47 0 34 0 1 1 0 0 3 38 2 4 0 0 0 
Huskies_D5 61.828685000000235 35 37 3 30 0 2 0 0 0 3 24 3 4 0 0 3 
Huskies_D7 50.77256799999867 29 26 1 23 0 3 2 0 0 4 19 0 3 0 0 0 
Huskies_F1 20.693033999999898 16 9 1 3 6 4 0 0 2 0 9 0 0 0 0 0 
Huskies_F2 23.819700999999895 16 16 2 13 0 0 0 1 0 1 14 0 1 0 0 0 
Huskies_F4 18.452824000000874 16 8 1 9 3 3 0 0 0 0 7 0 0 0 1 0 
Huskies_M1 99.24882000000127 39 47 3 34 1 0 0 1 0 1 44 2 0 0 0 0 
Huskies_M3 83.60829999999953 36 41 2 33 1 0 0 0 0 2 35 0 4 0 0 0 
Huskies_M6 279.9291700000009 34 31 2 28 2 2 0 0 0 1 29 0 0 0 1 0 
Huskies_M8 26.94401400000038 22 14 0 16 1 4 0 0 1 0 13 1 0 0 0 0 
Huskies_M12 16.360462999999072 6 5 0 5 1 0 0 0 0 0 4 0 1 0 0 0 
Huskies_M13 61.14610800000088 20 17 2 16 1 0 0 1 0 1 15 0 0 0 1 0 
Huskies_G1 104.93639999999999 25 25 2 23 0 0 0 0 0 0 11 9 0 5 0 0 

[22]
14
Huskies_D1 202.1219199999997 13 10 0 11 0 0 2 0 0 2 6 0 2 0 0 0 
Huskies_D2 36.838757000000214 13 19 0 11 0 0 2 0 0 2 15 1 1 0 0 0 
Huskies_D5 99.67284499999943 29 31 1 25 0 2 1 0 0 1 30 0 0 0 0 0 
Huskies_D6 70.04252299999968 30 20 2 24 0 4 0 0 0 2 15 0 1 0 0 2 
Huskies_F1 6.773142000000007 1 1 1 0 0 0 0 0 0 0 1 0 0 0 0 0 
Huskies_F2 68.25281700000022 32 29 2 29 1 0 0 0 0 0 25 0 4 0 0 0 
Huskies_F4 177.28694099999933 21 10 1 14 1 2 0 0 3 0 10 0 0 0 0 0 
Huskies_M3 60.71386899999919 27 31 1 26 0 0 0 0 0 1 29 0 1 0 0 0 
Huskies_M4 19.24747499999944 14 20 0 13 0 0 0 1 0 0 20 0 0 0 0 0 
Huskies_M8 9.352536000000327 6 4 0 6 0 0 0 0 0 0 4 0 0 0 0 0 
Huskies_M9 26.91534600000125 20 25 0 19 0 0 0 0 1 2 22 0 0 0 0 1 
Huskies_M12 26.27058299999902 17 17 0 14 0 2 0 0 1 0 14 0 0 0 1 2 
Huskies_M13 18.565842000000885 6 12 0 6 0 0 0 0 0 1 11 0 0 0 0 0 
Huskies_G1 39.19418000000019 10 10 3 7 0 0 0 0 0 0 3 1 1 5 0 0 

[23]
14
Huskies_D3 25.782005000000254 17 21 0 17 0 0 0 0 0 2 12 2 5 0 0 0 
Huskies_D5 52.5379800000012 27 32 1 20 0 5 1 0 0 2 27 0 3 0 0 0 
Huskies_D6 27.994238999999084 14 15 0 12 0 0 2 0 0 0 13 0 2 0 0 0 
Huskies_D7 22.66275299999961 25 14 1 19 0 4 0 1 0 2 11 0 0 0 0 1 
Huskies_F1 6.273281999999199 8 3 0 2 0 5 0 1 0 0 3 0 0 0 0 0 
Huskies_F2 76.7134549999991 32 17 0 29 1 2 0 0 0 1 13 0 2 0 1 0 
Huskies_F5 127.36864600000104 17 12 0 8 0 6 0 2 1 0 12 0 0 0 0 0 
Huskies_M1 82.7669159999993 31 46 3 26 0 1 1 0 0 3 38 0 3 0 2 0 
Huskies_M3 13.135661000000255 7 10 0 7 0 0 0 0 0 0 9 0 1 0 0 0 
Huskies_M6 20.872813000000747 13 14 1 10 0 2 0 0 0 0 10 0 3 0 1 0 
Huskies_M8 9.613644999999451 9 9 2 7 0 0 0 0 0 0 8 0 1 0 0 0 
Huskies_M12 3.0487829999999576 9 6 0 6 0 2 0 1 0 0 5 0 1 0 0 0 
Huskies_M13 15.998646999999664 12 24 2 10 0 0 0 0 0 1 20 0 2 0 1 0 
Huskies_G1 173.34332500000028 15 13 1 12 1 1 0 0 0 0 4 0 5 4 0 0 

[24]
14
Huskies_D2 88.90837200000158 34 39 2 31 0 0 1 0 0 1 34 0 4 0 0 0 
Huskies_D5 78.06049399999785 41 40 2 39 0 0 0 0 0 2 36 1 1 0 0 0 
Huskies_D6 67.67677699999922 29 31 1 25 0 1 2 0 0 5 23 1 2 0 0 0 
Huskies_D7 77.54198599999995 28 31 0 23 1 3 1 0 0 4 26 0 1 0 0 0 
Huskies_F2 32.09666500000003 19 22 2 17 0 0 0 0 0 0 19 0 2 0 0 1 
Huskies_F4 0 6 2 1 4 1 0 0 0 0 0 2 0 0 0 0 0 
Huskies_F5 23.141242999999918 20 17 4 14 1 1 0 0 0 0 16 0 0 0 1 0 
Huskies_F6 136.0214240000006 27 19 0 20 1 4 0 1 1 1 17 0 0 0 0 1 
Huskies_M3 48.54573200000061 25 30 3 22 0 0 0 0 0 3 24 0 3 0 0 0 
Huskies_M6 57.110183999999094 23 22 2 20 0 1 0 0 0 2 20 0 0 0 0 0 
Huskies_M9 33.78576800000042 21 16 2 16 0 2 0 0 1 1 15 0 0 0 0 0 
Huskies_M12 28.006574999998975 13 17 1 11 0 1 0 0 0 2 15 0 0 0 0 0 
Huskies_M13 177.9857779999992 19 21 1 17 0 1 0 0 0 2 19 0 0 0 0 0 
Huskies_G1 41.14453400000002 15 13 2 13 0 0 0 0 0 0 6 2 1 4 0 0 

[25]
13
Huskies_D1 63.77969599999972 20 28 0 16 0 0 3 0 1 5 19 0 4 0 0 0 
Huskies_D3 41.08404399999853 22 19 3 15 0 1 3 0 0 0 17 0 2 0 0 0 
Huskies_D5 28.53394300000059 18 24 0 17 0 0 1 0 0 5 15 0 4 0 0 0 
Huskies_D8 73.464102999999 28 31 1 24 0 3 0 0 0 5 20 0 4 0 1 1 
Huskies_F1 57.567409000000225 4 2 1 1 2 0 0 0 0 0 2 0 0 0 0 0 
Huskies_F2 107.9943399999994 28 30 5 22 0 1 0 0 0 1 26 0 2 0 0 1 
Huskies_F4 18.350019999999404 26 6 4 8 3 10 0 1 0 2 3 0 0 0 1 0 
Huskies_F6 81.83445700000033 19 21 3 12 0 3 0 0 1 3 15 0 2 0 0 1 
Huskies_M1 47.23776399999929 25 36 3 22 0 0 0 0 0 2 33 0 1 0 0 0 
Huskies_M3 1.6751410000006217 1 2 0 1 0 0 0 0 0 1 1 0 0 0 0 0 
Huskies_M4 75.26742500000023 27 15 2 19 2 1 0 1 2 2 12 0 1 0 0 0 
Huskies_M6 131.51218800000038 19 17 3 12 0 3 1 0 0 1 13 1 1 0 0 1 
Huskies_G1 26.629439000000957 12 18 2 10 0 0 0 0 0 0 3 6 1 8 0 0 

[26]
14
Huskies_D1 86.1731200000005 10 15 0 10 0 0 0 0 0 1 13 0 1 0 0 0 
Huskies_D2 79.08204100000034 27 29 1 24 0 0 2 0 0 1 26 0 2 0 0 0 
Huskies_D5 67.00474900000046 22 26 1 19 1 1 0 0 0 1 21 0 3 0 1 0 
Huskies_D7 177.24787300000116 38 35 1 34 0 3 0 0 0 3 25 0 5 0 0 2 
Huskies_D9 123.88151699999696 28 36 0 26 0 0 1 0 1 1 32 1 2 0 0 0 
Huskies_F1 18.003804999999375 11 7 1 7 1 2 0 0 0 0 6 0 0 0 1 0 
Huskies_F4 156.68485300000066 20 10 0 8 1 7 0 3 1 0 9 0 0 0 0 1 
Huskies_F5 7.592999999998938 4 3 0 4 0 0 0 0 0 0 3 0 0 0 0 0 
Huskies_F6 95.28816600000016 17 9 2 10 2 3 0 0 0 0 8 0 0 0 0 1 
Huskies_M1 341.9137809999995 28 34 1 26 0 0 0 0 1 0 32 0 1 0 1 0 
Huskies_M3 78.77441000000209 33 45 1 32 0 0 0 0 0 2 35 1 6 0 0 1 
Huskies_M4 31.408613000001424 14 13 1 11 0 2 0 0 0 0 13 0 0 0 0 0 
Huskies_M12 26.69928900000059 24 10 0 20 0 2 0 0 2 0 10 0 0 0 0 0 
Huskies_G1 54.05151800000044 11 15 0 10 0 1 0 0 0 0 8 3 1 3 0 0 

[27]
14
Huskies_D1 89.68916500000012 25 28 0 25 0 0 0 0 0 1 21 0 6 0 0 0 
Huskies_D2 21.809383000001162 8 17 0 8 0 0 0 0 0 1 14 0 2 0 0 0 
Huskies_D5 94.03344700000025 19 27 0 17 0 2 0 0 0 3 22 0 1 0 0 1 
Huskies_D7 27.42922299999873 12 14 0 11 0 1 0 0 0 0 12 0 1 0 0 1 
Huskies_D8 42.406957000000205 21 20 1 19 0 1 0 0 0 1 17 0 2 0 0 0 
Huskies_D9 38.778301999999485 13 21 0 11 0 0 1 0 1 0 18 2 1 0 0 0 
Huskies_F2 86.7463660000011 40 40 2 38 0 0 0 0 0 0 33 0 7 0 0 0 
Huskies_F4 10.755707000000712 25 10 3 10 2 7 0 1 2 0 8 0 0 0 1 1 
Huskies_F6 142.29310999999973 33 26 0 25 0 7 0 1 0 3 23 0 0 0 0 0 
Huskies_M1 174.54054700000063 26 36 1 25 0 0 0 0 0 0 35 0 1 0 0 0 
Huskies_M3 117.71070800000052 1 2 1 0 0 0 0 0 0 1 1 0 0 0 0 0 
Huskies_M4 59.75164599999948 26 22 1 24 0 1 0 0 0 1 20 0 1 0 0 0 
Huskies_M6 11.70317 21 10 1 17 0 2 0 0 1 0 8 0 0 0 1 1 
Huskies_G1 34.71026599999982 13 10 1 11 0 1 0 0 0 0 9 0 0 1 0 0 

[28]
14
Huskies_D1 30.39893300000108 15 21 1 12 0 0 1 0 1 3 16 1 1 0 0 0 
Huskies_D2 40.46088199999912 17 24 0 16 0 0 1 0 0 7 14 0 3 0 0 0 
Huskies_D5 40.157767000000035 18 24 0 17 0 1 0 0 0 2 20 0 2 0 0 0 
Huskies_D7 55.091455999999425 26 23 2 22 0 2 0 0 0 3 15 0 2 0 1 2 
Huskies_F1 0 0 3 0 0 0 0 0 0 0 0 3 0 0 0 0 0 
Huskies_F2 33.39320300000031 25 29 3 22 0 0 0 0 0 2 21 1 5 0 0 0 
Huskies_F4 46.44101999999998 19 6 1 8 3 6 0 0 1 0 6 0 0 0 0 0 
Huskies_F5 244.63779999999997 7 8 1 3 0 1 0 0 2 0 8 0 0 0 0 0 
Huskies_F6 324.316198 26 18 3 13 2 7 0 0 1 3 12 0 2 0 0 1 
Huskies_M1 56.60315800000103 28 39 2 25 0 1 0 0 0 2 33 1 2 0 0 1 
Huskies_M4 254.2272859999988 22 18 6 14 0 1 0 1 0 0 18 0 0 0 0 0 
Huskies_M6 39.789580999999316 20 14 3 15 0 1 0 0 1 0 11 0 1 0 0 2 
Huskies_M12 1.83385300000009 6 1 0 5 0 1 0 0 0 0 1 0 0 0 0 0 
Huskies_G1 92.98516700000027 9 10 0 8 0 1 0 0 0 0 2 2 4 2 0 0 

[29]
13
Huskies_D1 19.655984999999646 12 13 0 11 1 0 0 0 0 2 9 2 0 0 0 0 
Huskies_D2 88.92683600000043 16 15 3 13 0 0 0 0 0 3 7 2 3 0 0 0 
Huskies_D5 131.13076000000024 22 32 0 21 1 0 0 0 0 4 23 0 3 0 0 2 
Huskies_D8 56.71208399999955 16 20 1 13 0 0 0 0 2 4 14 2 0 0 0 0 
Huskies_F1 286.9193500000023 36 17 3 23 5 3 0 0 2 2 13 0 0 0 0 2 
Huskies_F2 37.73748399999886 14 20 1 13 0 0 0 0 0 0 17 0 2 0 0 1 
Huskies_F4 2.1387779999995473 6 4 1 2 1 2 0 0 0 0 4 0 0 0 0 0 
Huskies_F5 326.2793769999994 19 15 2 12 2 2 0 0 1 0 14 0 0 0 1 0 
Huskies_F6 239.37424900000076 23 17 2 17 0 1 0 1 2 2 14 0 0 0 0 1 
Huskies_M1 35.18115600000169 15 27 3 12 0 0 0 0 0 3 23 1 0 0 0 0 
Huskies_M4 14.768734999999282 12 12 2 10 0 0 0 0 0 3 9 0 0 0 0 0 
Huskies_M6 38.156072999999765 20 22 6 12 1 1 0 0 0 1 20 0 0 0 0 1 
Huskies_G1 11.461710999999468 8 6 0 8 0 0 0 0 0 0 1 4 1 0 0 0 

[30]
14
Huskies_D1 89.09512099999915 31 29 1 30 0 0 0 0 0 1 24 1 3 0 0 0 
Huskies_D3 127.78018500000132 32 42 0 32 0 0 0 0 0 3 37 0 2 0 0 0 
Huskies_D4 100.67936199999929 37 40 0 37 0 0 0 0 0 4 33 0 2 0 0 1 
Huskies_D6 10.75888600000053 5 6 0 5 0 0 0 0 0 0 6 0 0 0 0 0 
Huskies_D8 34.96729599999975 17 22 0 15 0 2 0 0 0 6 15 0 1 0 0 0 
Huskies_F1 3.0000649999992675 1 2 0 1 0 0 0 0 0 0 2 0 0 0 0 0 
Huskies_F2 401.08372100000156 44 49 3 41 0 0 0 0 0 2 42 1 3 0 1 0 
Huskies_F5 120.90603500000068 24 23 2 12 3 5 0 0 2 2 21 0 0 0 0 0 
Huskies_F6 47.88207399999908 27 17 5 14 0 5 0 2 1 0 15 0 0 0 0 2 
Huskies_M2 8.4201350000003 4 4 0 4 0 0 0 0 0 0 4 0 0 0 0 0 
Huskies_M4 57.70012900000063 32 30 2 30 0 0 0 0 0 1 29 0 0 0 0 0 
Huskies_M6 36.0711529999993 26 24 4 21 1 0 0 0 0 1 22 0 0 0 1 0 
Huskies_M12 69.0749080000005 20 10 2 12 2 2 0 1 1 0 7 0 1 0 1 1 
Huskies_G1 35.412701999998944 12 14 1 11 0 0 0 0 0 0 8 4 2 0 0 0 

[31]
14
Huskies_D1 95.07249499999895 35 40 0 33 0 0 2 0 0 5 33 0 2 0 0 0 
Huskies_D3 163.43445600000234 31 41 1 30 0 0 0 0 0 6 34 1 0 0 0 0 
Huskies_D4 98.95602099999797 39 41 1 35 0 2 1 0 0 2 37 1 0 0 1 0 
Huskies_D6 7.186561000000438 2 2 0 2 0 0 0 0 0 0 1 0 1 0 0 0 
Huskies_D8 53.36636399999904 29 27 1 26 1 0 1 0 0 1 25 0 1 0 0 0 
Huskies_F1 27.19664399999965 13 10 2 7 1 0 0 2 1 0 10 0 0 0 0 0 
Huskies_F2 114.42200100000076 45 51 4 40 0 0 1 0 0 0 42 0 5 0 3 1 
Huskies_F5 8.245935000000372 19 10 2 8 2 4 0 1 2 1 9 0 0 0 0 0 
Huskies_F6 153.80970699999932 23 23 0 20 0 2 0 1 0 1 19 0 0 0 0 3 
Huskies_M1 111.44625299999987 46 45 1 45 0 0 0 0 0 0 45 0 0 0 0 0 
Huskies_M3 5.140794000000824 3 2 0 3 0 0 0 0 0 0 2 0 0 0 0 0 
Huskies_M4 20.21305700000022 13 10 1 10 0 1 0 1 0 0 9 1 0 0 0 0 
Huskies_M12 96.94079399999919 19 12 2 13 0 1 0 0 3 1 8 0 0 0 1 2 
Huskies_G1 108.38269399999987 12 15 2 10 0 0 0 0 0 0 8 1 1 5 0 0 

[32]
14
Huskies_D1 25.723240000001766 11 16 1 10 0 0 0 0 0 0 14 0 2 0 0 0 
Huskies_D3 24.760464000000525 12 17 0 11 0 0 1 0 0 1 11 0 5 0 0 0 
Huskies_D4 389.171004999998 16 17 0 16 0 0 0 0 0 1 15 0 1 0 0 0 
Huskies_D8 10.319448000000364 11 6 1 9 0 1 0 0 0 0 5 0 0 0 1 0 
Huskies_F1 4.011909000000287 7 6 0 3 0 2 0 2 0 0 4 1 1 0 0 0 
Huskies_F2 6.115732000000207 6 5 0 6 0 0 0 0 0 0 4 0 1 0 0 0 
Huskies_F4 3.491388999999799 4 1 0 1 0 3 0 0 0 1 0 0 0 0 0 0 
Huskies_F5 0 4 1 0 0 0 4 0 0 0 0 1 0 0 0 0 0 
Huskies_F6 7.634845000000041 4 5 0 2 0 2 0 0 0 0 4 0 1 0 0 0 
Huskies_M3 11.889898000000358 11 11 1 9 1 0 0 0 0 0 11 0 0 0 0 0 
Huskies_M4 9.893330999999307 4 9 1 3 0 0 0 0 0 0 8 0 1 0 0 0 
Huskies_M11 85.34685799999988 3 7 0 3 0 0 0 0 0 1 6 0 0 0 0 0 
Huskies_M12 5.329527000000098 7 4 0 5 1 1 0 0 0 0 3 0 0 0 1 0 
Huskies_G1 6.135119000000486 9 4 0 9 0 0 0 0 0 0 1 1 1 1 0 0 

[33]
14
Huskies_D1 76.86644700000198 22 30 1 21 0 0 0 0 0 2 24 1 3 0 0 0 
Huskies_D3 57.23475599999847 26 28 2 23 0 1 0 0 0 4 22 0 2 0 0 0 
Huskies_D4 64.36108199999939 30 25 0 30 0 0 0 0 0 0 22 1 1 0 0 1 
Huskies_D8 46.11207999999999 15 19 0 12 0 3 0 0 0 1 15 0 3 0 0 0 
Huskies_F1 22.069753999999193 10 9 0 8 1 0 0 0 1 1 8 0 0 0 0 0 
Huskies_F2 14.944023999999729 11 11 0 11 0 0 0 0 0 0 11 0 0 0 0 0 
Huskies_F5 13.815846000000079 18 12 1 9 1 5 0 0 2 1 11 0 0 0 0 0 
Huskies_F6 17.149699000000396 11 11 1 8 0 2 0 0 0 0 9 0 1 0 0 1 
Huskies_M1 16.99937299999965 9 14 1 8 0 0 0 0 0 0 14 0 0 0 0 0 
Huskies_M3 49.699733000000606 20 28 1 17 1 1 0 0 0 1 26 0 1 0 0 0 
Huskies_M4 5.6035230000011325 13 7 2 11 0 0 0 0 0 1 6 0 0 0 0 0 
Huskies_M11 5.384576000000379 4 3 1 3 0 0 0 0 0 0 3 0 0 0 0 0 
Huskies_M12 34.06830600000001 10 6 0 9 1 0 0 0 0 0 5 0 0 0 0 1 
Huskies_G1 18.168740999999727 8 4 1 7 0 0 0 0 0 0 1 2 1 0 0 0 

[34]
14
Huskies_D1 81.48523399999999 27 40 0 25 0 0 2 0 0 4 30 2 3 0 1 0 
Huskies_D3 90.16385500000084 34 37 1 29 0 2 2 0 0 1 30 2 4 0 0 0 
Huskies_D4 68.71031400000174 31 30 3 27 0 0 0 0 1 2 21 0 6 0 0 1 
Huskies_D8 65.196540999999 31 29 1 27 0 2 0 0 1 2 23 0 3 0 1 0 
Huskies_D10 9.299556000000848 4 5 0 4 0 0 0 0 0 1 3 0 1 0 0 0 
Huskies_F2 57.2362439999996 36 36 0 32 2 1 0 0 1 1 33 0 2 0 0 0 
Huskies_F5 30.79262400000124 31 18 1 13 6 10 0 1 0 3 12 0 1 0 0 2 
Huskies_F6 15.430751999999643 18 10 3 11 1 2 0 1 0 0 9 0 0 0 0 1 
Huskies_M1 56.785651999999175 29 34 0 29 0 0 0 0 0 0 33 0 1 0 0 0 
Huskies_M3 93.36429299999872 38 53 1 37 0 0 0 0 0 1 50 1 1 0 0 0 
Huskies_M9 0.9981840000000375 2 1 1 1 0 0 0 0 0 0 0 0 1 0 0 0 
Huskies_M11 2.089520000000448 4 7 0 2 0 1 0 0 1 0 7 0 0 0 0 0 
Huskies_M12 25.266613000000916 30 15 2 19 2 7 0 0 0 0 15 0 0 0 0 0 
Huskies_G1 69.19963600000085 21 21 2 18 0 1 0 0 0 0 8 6 3 4 0 0 

[35]
13
Huskies_D1 137.4654559999995 49 53 0 43 0 2 3 0 1 6 44 0 3 0 0 0 
Huskies_D3 205.31336999999968 42 47 2 40 0 0 0 0 0 3 40 0 4 0 0 0 
Huskies_D4 98.15779099999907 41 42 2 37 0 1 1 0 0 2 37 0 3 0 0 0 
Huskies_D8 98.54533299999927 29 20 0 22 0 5 2 0 0 1 18 0 1 0 0 0 
Huskies_F1 2.594438000000082 5 3 1 3 1 0 0 0 0 0 3 0 0 0 0 0 
Huskies_F2 145.71311000000085 39 39 2 36 0 0 1 0 0 1 34 0 3 0 0 1 
Huskies_F5 8.770396999999889 14 11 0 10 0 3 0 1 0 0 11 0 0 0 0 0 
Huskies_F6 38.38593000000071 23 17 0 17 0 4 1 0 1 0 15 0 1 0 1 0 
Huskies_M1 70.3578859999991 32 34 2 30 0 0 0 0 0 1 33 0 0 0 0 0 
Huskies_M3 95.19055700000207 31 37 0 30 0 0 1 0 0 0 33 0 4 0 0 0 
Huskies_M4 15.029044000000795 10 11 2 8 0 0 0 0 0 0 11 0 0 0 0 0 
Huskies_M12 60.633458999999775 21 15 1 16 0 4 0 0 0 0 14 0 0 0 0 1 
Huskies_G1 41.105752000001644 10 18 1 9 0 0 0 0 0 0 8 1 0 9 0 0 

[36]
14
Huskies_D1 40.745379000001535 19 25 2 16 0 0 1 0 0 4 16 3 2 0 0 0 
Huskies_D3 37.62968199999955 16 31 1 12 0 2 1 0 0 6 16 4 4 0 1 0 
Huskies_D4 65.48540500000053 34 31 2 28 0 1 1 1 1 0 27 0 4 0 0 0 
Huskies_D8 56.481830999999005 30 24 2 25 1 2 0 0 0 6 15 1 2 0 0 0 
Huskies_D10 10.693673999999191 3 6 0 3 0 0 0 0 0 1 5 0 0 0 0 0 
Huskies_F2 62.944967000000304 36 29 3 27 1 3 2 0 0 0 24 0 5 0 0 0 
Huskies_F4 14.604602000000341 7 1 1 1 1 4 0 0 0 0 0 0 0 0 0 1 
Huskies_F5 17.234459000000697 20 8 1 8 2 8 0 1 0 0 7 0 0 0 1 0 
Huskies_F6 46.43662800000061 30 20 3 22 3 1 0 1 0 2 17 0 0 0 1 0 
Huskies_M1 129.0269889999995 36 42 5 29 1 1 0 0 0 3 38 0 0 0 1 0 
Huskies_M3 70.24901000000057 32 51 2 29 0 0 1 0 0 3 40 1 7 0 0 0 
Huskies_M4 12.809650999998667 4 7 1 3 0 0 0 0 0 0 7 0 0 0 0 0 
Huskies_M9 16.56126300000048 22 15 2 16 1 2 0 1 0 0 15 0 0 0 0 0 
Huskies_G1 32.950883999999405 13 12 0 13 0 0 0 0 0 0 5 1 0 6 0 0 

[37]
14
Huskies_D1 58.894879000000515 20 30 0 18 0 1 1 0 0 2 27 0 1 0 0 0 
Huskies_D3 173.81163300000048 25 36 2 21 0 0 2 0 0 5 30 0 1 0 0 0 
Huskies_D4 75.72747100000015 37 25 2 32 0 3 0 0 0 1 22 0 2 0 0 0 
Huskies_D8 79.6006599999979 38 26 0 37 0 1 0 0 0 1 23 0 1 0 0 1 
Huskies_D10 64.93746000000056 18 21 3 14 0 0 1 0 0 1 18 0 2 0 0 0 
Huskies_F4 22.675195000000258 6 6 0 5 0 1 0 0 0 1 4 0 0 0 0 1 
Huskies_F5 34.062505999999644 13 12 0 6 2 4 0 0 1 0 12 0 0 0 0 0 
Huskies_M1 69.05216700000028 38 37 1 33 1 1 0 0 2 1 32 0 3 0 0 1 
Huskies_M2 5.403424000000086 6 5 0 5 0 1 0 0 0 0 5 0 0 0 0 0 
Huskies_M3 92.02699299999745 34 38 2 32 0 0 0 0 0 1 34 0 3 0 0 0 
Huskies_M4 85.73577800000237 27 31 3 23 0 1 0 0 0 0 31 0 0 0 0 0 
Huskies_M9 115.97982299999984 7 8 0 7 0 0 0 0 0 1 7 0 0 0 0 0 
Huskies_M12 0 5 3 0 4 0 1 0 0 0 0 3 0 0 0 0 0 
Huskies_G1 43.60714399999915 19 15 1 18 0 0 0 0 0 0 7 3 1 4 0 0 

[38]
14
Huskies_D1 196.58757899999813 22 30 2 18 0 1 1 0 0 3 21 0 5 0 1 0 
Huskies_D3 28.50028400000042 12 18 0 12 0 0 0 0 0 2 14 0 2 0 0 0 
Huskies_D4 77.8841629999987 25 25 0 22 0 3 0 0 0 1 21 0 2 0 1 0 
Huskies_D8 274.0194220000016 22 19 2 19 0 0 0 1 0 0 17 0 1 0 0 1 
Huskies_D10 16.884051000000056 6 6 1 4 0 1 0 0 0 1 5 0 0 0 0 0 
Huskies_F4 63.78529600000195 32 22 3 22 1 5 0 1 0 1 19 0 0 0 2 0 
Huskies_F5 91.70682299999953 13 8 2 5 0 4 0 1 1 1 7 0 0 0 0 0 
Huskies_F6 24.831688000002032 14 10 1 11 0 0 0 2 0 0 10 0 0 0 0 0 
Huskies_M1 91.05692899999804 39 50 2 35 1 0 1 0 0 4 43 0 3 0 0 0 
Huskies_M2 20.729761999999482 16 14 0 16 0 0 0 0 0 0 12 0 2 0 0 0 
Huskies_M3 318.72259299999916 32 35 4 27 1 0 0 0 0 3 31 1 0 0 0 0 
Huskies_M4 67.31481699999961 34 28 2 30 0 2 0 0 0 3 24 0 1 0 0 0 
Huskies_M12 154.69355000000087 3 2 0 3 0 0 0 0 0 0 1 0 0 0 1 0 
Huskies_G1 10.784440000000131 5 8 0 5 0 0 0 0 0 0 4 2 0 2 0 0 

