p.s. Attention ! Oppo is the complex of the opponents.
[pass count] 
match id | Husk team
1  369  
2  180  
3  324  
4  354  
5  382  
6  318  
7  384  
8  295  
9  168  
10  359  
11  183  
12  132  
13  247  
14  347  
15  271  
16  80  
17  304  
18  312  
19  248  
20  230  
21  366  
22  239  
23  236  
24  320  
25  249  
26  287  
27  283  
28  238  
29  220  
30  312  
31  329  
32  109  
33  207  
34  336  
35  347  
36  302  
37  293  
38  275  

[cooperation count] 
match id | Husk team double-cooperation counts | Husk tri-cooperation counts
1 42 196
2 8 86
3 31 195
4 36 190
5 37 228
6 28 165
7 45 171
8 38 144
9 13 74
10 36 202
11 11 75
12 14 60
13 29 122
14 32 206
15 21 136
16 4 27
17 31 174
18 32 178
19 20 111
20 21 109
21 30 181
22 20 120
23 18 111
24 34 155
25 17 122
26 29 150
27 36 137
28 14 105
29 21 79
30 36 148
31 27 177
32 12 39
33 16 93
34 35 179
35 38 183
36 24 142
37 24 143
38 34 147
