1 46.634068022323774 59.85476450925463
2 42.24303401169907 57.573249405793646
3 35.242794190946185 48.885008870502055
4 46.035244808216454 48.43277485275088
5 39.623930054433195 52.11810094297768
6 51.44507451025739 52.37326276314954
7 51.519780499568334 50.55576271832496
8 45.503138759116304 48.259736959035145
9 50.56584638546813 62.34210885913121
10 54.858636653702916 49.97944388598244
11 53.012098611358894 58.23147746967565
12 45.24464866600956 49.37619179238048
13 47.717462676532236 49.18989133158577
14 44.825830367812685 47.91731640366002
15 50.014135929470804 54.72707165049311
16 42.92026047708422 51.55459037832547
17 44.316371703061755 47.2999043826939
18 46.02254900663949 47.374593150478375
19 44.655496521881105 47.29011392606647
20 52.00729105521646 48.73713608703985
21 45.09791986138218 43.581849088010536
22 53.70228507891328 48.576932552214515
23 42.419764856145434 46.42039760172489
24 49.898738718568104 46.62300487163323
25 47.89031968579736 53.85496978725707
26 51.196198201548725 52.722330102453576
27 53.46049552273458 55.64885717566466
28 47.345950792862965 52.55146325948328
29 52.12319636366814 37.438672842958674
30 50.978260178056836 50.26297992075309
31 48.11203569918356 49.46048699817932
32 45.04480648934976 46.19805039116781
33 52.595068803435616 41.83016905558339
34 45.052010789297334 44.19828396701125
35 43.96261999119454 51.32011364968145
36 46.19010968114996 43.58960610757674
37 47.4343922347692 49.21670329951574
38 51.04911061724704 51.90150354471164
