1 10.473689447061309 0.19267170834904057 0.17777814387436533 0.16301264127614834
2 10.762006843116897 0.2703700277446091 0.19651736666304379 0.16965086769658505
3 12.331770835435234 0.18330975178644712 0.1875561828132962 0.13960263077380283
4 10.161960849861366 0.2035382811233603 0.1830512216901194 0.15026314763000023
5 10.44203932169514 0.17542862601692555 0.18219254529003867 0.15047608841814716
6 12.898613142809486 0.2125530897865301 0.1768756982407929 0.1781522317013212
7 11.364494204256006 0.17673018023184153 0.18396583847557854 0.15359996964695682
8 11.784103554095502 0.20174671066290914 0.19378058075859736 0.16249420231309739
9 13.553603479715397 0.2830279372510966 0.19090557696520039 0.173996635750953
10 11.823244591558732 0.18458678367319198 0.17698330748609908 0.17196627952264315
11 15.622530328610463 0.3334357435407163 0.19476626256808 0.16577109859878775
12 10.346611160296193 0.40439006182891524 0.17771311910097162 0.15235180394457318
13 11.033808264482271 0.23733589111848366 0.17368439048955656 0.1697131532043627
14 10.39519661078604 0.17285307768890887 0.17668536399289775 0.17463229368585934
15 10.631731925984274 0.23418789531666875 0.17687806869791775 0.16669739902252875
16 12.26034739065457 0.37951151164999103 0.1837881798309359 0.1466816865854189
17 11.356596360241864 0.2005247819147461 0.17929856256629417 0.1690166171248957
18 14.079593094207969 0.20131779856374873 0.1925797537084661 0.1751035219639755
19 9.572639343237562 0.2356654172879218 0.17364413651278762 0.16961156204925168
20 9.99911318296292 0.27548678476232286 0.1757459953038679 0.16526949912736413
21 9.987625823709424 0.18484317735998515 0.18409934846430848 0.1588766912034789
22 13.71341553288833 0.27336184483561443 0.18158741784078106 0.14608571806446682
23 9.832107998747812 0.24630047654370918 0.1834062309452786 0.1674789415482416
24 11.176690416768716 0.2189473065617343 0.1805973922829288 0.17575034164555195
25 15.418435046619441 0.24049892926534217 0.1874281302277434 0.1692448901202131
26 9.968887429308182 0.2198788564434 0.1822088053152329 0.15282083542635183
27 9.635192232483254 0.22786671474814585 0.1786315041053899 0.15308967584365832
28 9.95354784691034 0.25321059870246365 0.1737449132403146 0.16395252365773796
29 11.157139848900464 0.2969320301621834 0.19255795038716347 0.16695422512605543
30 13.030359306264618 0.2152114220299067 0.17567724136605484 0.1718986371415761
31 12.221784135585418 0.19540903890304742 0.18335720373566539 0.14804935730224428
32 15.34699908998634 0.42323999589552685 0.1937229100921992 0.15703148130176392
33 12.314370313923174 0.28988359957516885 0.17414148842596008 0.1790725602628865
34 12.188260864676412 0.20383732345158223 0.18193887392118188 0.1455553601320502
35 11.233533926995584 0.18488590710566052 0.19632368062261238 0.17027065866452873
36 15.586298120038052 0.22401980676531963 0.17690905696265993 0.1685286180523178
37 11.77714654148077 0.21701120403461735 0.1824729139568113 0.15239154223413318
38 13.357334974500583 0.2127334793911346 0.18321809638772057 0.16174754670180747
