1 26.91075509780961 5.825942172241423 
2 25.101809898364504 6.194718107234622 
3 24.77710102416531 6.267096050905182 
4 21.881177190006643 7.644192394746345 
5 21.64614263100011 6.153105133515819 
6 24.92936248370205 4.963974089496211 
7 19.552803699867336 7.5293827517206715 
8 25.360768306873243 6.508494120511223 
9 19.415671511877154 6.192404426652418 
10 21.083706736739913 8.236653347711803 
11 24.96967940299171 7.18171492240251 
12 26.293673959948816 6.599834649908814 
13 21.714598772824836 7.092860188437696 
14 21.71405249358204 7.2643548988041085 
15 23.07583268001673 11.143917352669952 
16 20.25267699145667 5.088033136125053 
17 26.460494796934796 6.253854657762884 
18 23.561326077104415 8.252206838781186 
19 23.07903709739992 7.226059796946766 
20 26.08522508934767 6.933138944253629 
21 21.084830241034563 9.483995050761736 
22 24.445460848335845 6.276215968555618 
23 24.003887352219653 5.674702825303614 
24 24.590232782720822 8.990832391531777 
25 26.709075758939953 8.445805143387048 
26 21.932423323968028 7.244732402063009 
27 24.555009183919463 5.961649603706687 
28 23.07417752796621 8.070362087112208 
29 25.657763465869785 7.97207050155761 
30 28.586672843171943 8.012286445546065 
31 22.606812869721825 8.129825638247004 
32 29.464322735946045 5.018978911259181 
33 24.606022285813395 6.01629486108842 
34 24.704326983163202 6.901780624249135 
35 22.04616578622301 5.721411609796439 
36 23.922266520225484 6.161519329600085 
37 25.641788877064467 9.737086225300226 
38 24.565842326495837 7.949529459686921 
