[1]
13
Opponent1_D1 114.7009700000001 17 15 0 13 0 4 0 0 0 0 13 0 0 0 0 2 
Opponent1_D2 123.39226199999962 18 22 1 17 0 0 0 0 0 2 14 0 6 0 0 0 
Opponent1_D3 226.17289400000038 23 24 2 18 0 0 2 0 1 3 17 0 3 0 1 0 
Opponent1_D4 17.175849999999627 7 8 0 4 0 1 1 0 1 2 6 0 0 0 0 0 
Opponent1_F1 9.497945999999956 7 4 0 1 1 5 0 0 0 0 4 0 0 0 0 0 
Opponent1_F2 45.570404999999596 19 17 2 16 0 1 0 0 0 0 15 0 1 0 1 0 
Opponent1_F3 26.996945999999753 12 8 2 6 2 0 0 2 0 0 8 0 0 0 0 0 
Opponent1_F4 50.36431700000048 8 3 0 1 1 4 0 0 2 3 0 0 0 0 0 0 
Opponent1_F5 15.504618999999366 9 6 1 6 0 1 0 0 1 0 6 0 0 0 0 0 
Opponent1_M1 43.66831599999989 29 32 3 24 1 1 0 0 0 2 25 0 4 0 0 1 
Opponent1_M2 37.2600139999995 19 17 0 17 0 1 0 1 0 1 14 0 1 0 0 1 
Opponent1_M3 148.99065300000018 18 27 3 15 0 0 0 0 0 1 22 0 2 0 1 1 
Opponent1_G1 258.23506499999905 11 14 0 11 0 0 0 0 0 0 5 5 1 3 0 0 

[2]
14
Opponent2_D1 17.438322000000262 10 11 1 8 0 1 0 0 0 2 9 0 0 0 0 0 
Opponent2_D2 203.0590969999983 48 56 0 45 0 2 1 0 0 2 51 0 2 0 0 1 
Opponent2_D3 56.647977000001305 22 26 2 20 0 0 0 0 0 0 26 0 0 0 0 0 
Opponent2_D4 187.19714300000174 49 53 0 47 0 0 2 0 0 2 47 1 3 0 0 0 
Opponent2_D5 82.4537879999989 22 16 0 16 0 4 0 1 1 1 14 0 0 0 0 1 
Opponent2_F1 53.93773899999984 20 20 2 16 0 0 0 1 1 1 19 0 0 0 0 0 
Opponent2_F2 50.93576699999892 32 21 2 26 1 0 0 0 3 1 17 0 0 0 1 2 
Opponent2_F3 37.97695500000145 25 17 1 23 1 0 0 0 0 0 14 0 0 0 2 1 
Opponent2_M1 110.85558700000081 42 50 0 41 0 1 0 0 0 2 44 1 2 0 1 0 
Opponent2_M2 250.37302300000255 44 49 2 38 0 0 0 2 2 2 45 0 0 0 0 2 
Opponent2_M3 20.73690099999999 14 14 1 10 1 0 1 1 0 0 14 0 0 0 0 0 
Opponent2_M4 101.07582599999603 54 47 3 50 0 1 0 0 0 0 45 0 1 0 1 0 
Opponent2_M5 151.34817300000032 17 15 0 17 0 0 0 0 0 1 14 0 0 0 0 0 
Opponent2_G1 64.63529399999942 17 21 0 17 0 0 0 0 0 0 15 1 1 4 0 0 

[3]
14
Opponent3_D1 208.44330200000388 55 66 0 54 0 0 0 0 1 1 63 0 2 0 0 0 
Opponent3_D2 190.47660300000075 55 53 2 51 0 1 1 0 0 0 50 0 2 0 0 1 
Opponent3_D3 333.49000699999897 47 49 0 45 1 0 1 0 0 2 46 0 1 0 0 0 
Opponent3_D4 97.81640099999908 35 34 1 32 0 1 0 1 0 0 33 1 0 0 0 0 
Opponent3_D5 12.53219099999933 4 7 0 4 0 0 0 0 0 0 7 0 0 0 0 0 
Opponent3_F1 19.66052899999957 24 12 2 15 2 3 0 0 2 1 10 0 0 0 1 0 
Opponent3_F2 76.00256099999967 30 28 1 24 1 2 0 2 0 2 26 0 0 0 0 0 
Opponent3_F3 7.86915399999998 5 4 0 3 1 1 0 0 0 0 4 0 0 0 0 0 
Opponent3_M1 140.65755700000162 71 67 3 64 0 1 2 1 0 1 63 0 3 0 0 0 
Opponent3_M2 43.40129500000012 13 13 0 13 0 0 0 0 0 2 10 0 0 0 0 1 
Opponent3_M3 247.09668099999806 47 52 0 45 0 0 1 1 0 2 49 0 1 0 0 0 
Opponent3_M4 143.95763700000055 48 45 2 44 0 2 0 0 0 0 38 0 2 0 4 1 
Opponent3_M5 87.80019599999923 7 8 0 7 0 0 0 0 0 1 7 0 0 0 0 0 
Opponent3_G1 194.49423199999978 30 33 1 29 0 0 0 0 0 0 24 4 0 5 0 0 

[4]
14
Opponent4_D1 117.34695999999956 40 48 0 38 0 2 0 0 0 7 41 0 0 0 0 0 
Opponent4_D2 305.951361999999 29 39 0 26 0 0 3 0 0 4 34 0 1 0 0 0 
Opponent4_D3 171.78337199999999 37 35 1 34 0 1 1 0 0 0 29 0 6 0 0 0 
Opponent4_D4 118.43219599999782 41 43 2 37 0 2 0 0 0 4 32 0 3 0 2 2 
Opponent4_D5 135.10341199999925 42 37 6 29 0 4 2 0 1 1 29 1 2 0 0 4 
Opponent4_F1 35.52387600000009 18 14 0 12 0 3 0 1 2 1 9 0 1 0 1 2 
Opponent4_F2 5.5341650000009395 5 3 1 3 0 0 0 0 1 0 3 0 0 0 0 0 
Opponent4_M1 91.16735100000102 28 34 3 23 0 1 0 1 0 1 29 0 1 0 2 1 
Opponent4_M2 35.3966309999999 28 20 1 19 0 3 0 2 3 2 18 0 0 0 0 0 
Opponent4_M3 30.899737000000528 23 31 2 20 0 1 0 0 0 1 27 0 3 0 0 0 
Opponent4_M4 108.08113100000003 28 19 3 17 1 2 1 1 3 1 17 0 0 0 0 1 
Opponent4_M5 2.2706060000000434 1 1 0 1 0 0 0 0 0 0 1 0 0 0 0 0 
Opponent4_M6 7.978640000000269 7 5 1 6 0 0 0 0 0 0 5 0 0 0 0 0 
Opponent4_G1 141.9371420000005 18 16 2 16 0 0 0 0 0 0 7 0 2 7 0 0 

[5]
14
Opponent5_D1 73.60384100000022 30 44 0 29 0 0 1 0 0 3 41 0 0 0 0 0 
Opponent5_D2 75.44802800000036 32 25 3 27 0 2 0 0 0 0 22 0 1 0 1 1 
Opponent5_D3 203.50460000000044 49 47 0 47 0 2 0 0 0 0 43 0 3 0 0 1 
Opponent5_D4 72.54144699999978 24 28 1 23 0 0 0 0 0 1 27 0 0 0 0 0 
Opponent5_F1 20.498829000001024 19 11 3 9 1 3 0 3 0 0 9 0 0 0 1 1 
Opponent5_F2 34.7374309999995 17 11 0 16 0 0 0 0 1 0 10 0 0 0 1 0 
Opponent5_F3 2.596027999999933 1 1 0 0 0 1 0 0 0 1 0 0 0 0 0 0 
Opponent5_M1 199.27926399999956 59 69 3 56 0 0 0 0 0 3 61 0 5 0 0 0 
Opponent5_M2 50.83685800000006 32 38 0 31 0 0 0 0 1 2 36 0 0 0 0 0 
Opponent5_M3 124.14126699999719 44 42 1 42 0 1 0 0 0 3 37 0 1 0 1 0 
Opponent5_M4 50.56556199999943 37 33 2 34 0 1 0 0 0 0 31 0 2 0 0 0 
Opponent5_M5 7.2810719999993125 12 6 1 7 0 2 0 1 1 1 5 0 0 0 0 0 
Opponent5_M6 21.400272000001678 10 14 0 10 0 0 0 0 0 0 14 0 0 0 0 0 
Opponent5_G1 19.026041000000077 7 4 0 7 0 0 0 0 0 0 2 1 0 1 0 0 

[6]
14
Opponent6_D1 113.05902300000236 33 29 4 27 0 2 0 0 0 0 27 0 2 0 0 0 
Opponent6_D2 98.02031800000026 30 29 0 23 0 6 1 0 0 0 27 0 2 0 0 0 
Opponent6_D3 78.8437469999995 27 38 2 24 0 0 1 0 0 4 29 0 5 0 0 0 
Opponent6_D4 214.47588999999903 14 26 1 13 0 0 0 0 0 5 19 0 2 0 0 0 
Opponent6_D5 95.94029699999828 8 9 0 7 0 0 1 0 0 2 7 0 0 0 0 0 
Opponent6_F1 11.43935899999991 9 7 0 5 0 2 0 2 0 0 6 0 0 0 0 1 
Opponent6_F2 42.030339999999796 23 13 0 15 1 5 0 2 0 0 11 0 0 0 1 1 
Opponent6_F3 0 2 1 0 0 0 2 0 0 0 0 1 0 0 0 0 0 
Opponent6_F4 11.401198999999906 4 2 0 4 0 0 0 0 0 0 2 0 0 0 0 0 
Opponent6_M1 151.18558999999982 45 43 2 42 0 0 1 0 0 3 34 0 6 0 0 0 
Opponent6_M2 51.342966000000104 33 26 6 23 0 1 0 0 3 2 23 0 0 0 1 0 
Opponent6_M3 51.2552729999984 33 38 0 32 0 1 0 0 0 1 35 0 2 0 0 0 
Opponent6_M4 52.03448900000126 23 23 1 22 0 0 0 0 0 0 20 0 0 0 2 1 
Opponent6_G1 26.249069000000418 10 10 1 9 0 0 0 0 0 0 5 1 0 4 0 0 

[7]
11
Opponent7_D1 23.146829000000366 10 14 0 10 0 0 0 0 0 4 9 0 1 0 0 0 
Opponent7_D2 27.74441099999956 20 17 2 14 0 2 1 0 1 2 10 0 4 0 0 1 
Opponent7_D3 41.60372800000056 17 18 0 17 0 0 0 0 0 2 11 0 5 0 0 0 
Opponent7_D4 61.87157800000068 11 13 0 10 0 1 0 0 0 3 8 0 1 0 0 1 
Opponent7_F1 34.61167900000126 24 14 2 10 3 7 0 0 2 2 12 0 0 0 0 0 
Opponent7_M1 20.30162600000017 19 13 6 11 1 1 0 0 0 0 12 1 0 0 0 0 
Opponent7_M2 42.60378799999944 21 28 1 20 0 0 0 0 0 1 27 0 0 0 0 0 
Opponent7_M3 319.7957639999996 19 27 3 16 0 0 0 0 0 1 24 0 1 0 0 1 
Opponent7_M4 36.76837599999986 21 16 2 16 1 2 0 0 0 0 14 1 1 0 0 0 
Opponent7_M5 10.868082000000157 9 12 0 8 0 1 0 0 0 1 11 0 0 0 0 0 
Opponent7_G1 15.05647899999974 8 7 0 8 0 0 0 0 0 0 2 3 1 1 0 0 

[8]
14
Opponent8_D1 76.24506799999949 31 30 0 29 0 2 0 0 0 0 27 1 1 0 0 1 
Opponent8_D2 30.784043000000224 13 19 1 12 0 0 0 0 0 4 14 0 1 0 0 0 
Opponent8_D3 113.47762099999949 34 34 0 30 0 0 2 0 2 2 30 0 2 0 0 0 
Opponent8_D4 52.9940170000001 20 23 0 17 0 2 0 1 0 0 18 1 2 0 0 2 
Opponent8_D5 1.1494949999996606 2 2 0 2 0 0 0 0 0 0 1 1 0 0 0 0 
Opponent8_F1 33.39737900000034 26 13 1 12 8 5 0 0 0 2 11 0 0 0 0 0 
Opponent8_F2 1.851372000000083 4 7 0 3 0 0 0 0 1 0 7 0 0 0 0 0 
Opponent8_F3 4.948617000000013 4 3 2 1 0 1 0 0 0 1 2 0 0 0 0 0 
Opponent8_M1 88.08069599999828 26 34 2 24 0 0 0 0 0 1 30 1 1 0 1 0 
Opponent8_M2 89.43576700000006 31 21 3 23 3 2 0 0 0 1 20 0 0 0 0 0 
Opponent8_M3 46.49993800000016 25 29 0 23 1 0 0 0 1 0 27 0 2 0 0 0 
Opponent8_M4 15.72617399999882 23 18 1 22 0 0 0 0 0 1 16 0 1 0 0 0 
Opponent8_M5 185.17234400000336 24 27 1 20 0 1 1 0 1 0 25 0 0 0 0 2 
Opponent8_G1 55.65562200000056 14 17 1 13 0 0 0 0 0 0 3 8 3 3 0 0 

[9]
13
Opponent9_D1 66.27955200000181 25 40 0 24 1 0 0 0 0 4 36 0 0 0 0 0 
Opponent9_D2 150.80861399999833 54 73 2 50 0 1 1 0 0 3 67 1 2 0 0 0 
Opponent9_D3 123.39204700000056 44 55 0 41 0 1 2 0 0 4 48 0 2 0 0 1 
Opponent9_D4 109.13289199999849 55 48 6 45 0 2 1 0 1 4 39 3 1 0 0 1 
Opponent9_D5 58.39558200000005 31 32 2 26 0 2 0 1 0 1 27 0 2 0 0 2 
Opponent9_F1 100.72056499999948 49 32 1 44 1 2 0 0 1 1 24 0 3 0 2 2 
Opponent9_F2 32.21444700000001 24 15 2 15 1 4 0 0 2 0 15 0 0 0 0 0 
Opponent9_M1 95.03434200000004 49 49 0 44 1 1 0 1 2 1 47 0 1 0 0 0 
Opponent9_M2 117.52756300000061 56 42 3 48 1 3 0 0 1 0 39 0 2 0 0 1 
Opponent9_M3 178.90800400000208 74 76 6 65 2 1 0 0 0 8 64 0 4 0 0 0 
Opponent9_M4 34.0384410000006 16 12 2 14 0 0 0 0 0 0 12 0 0 0 0 0 
Opponent9_M5 17.508505000000696 9 10 1 8 0 0 0 0 0 1 9 0 0 0 0 0 
Opponent9_G1 38.393732999999884 15 17 2 13 0 0 0 0 0 0 10 3 0 4 0 0 

[10]
14
Opponent10_D1 26.215650000000096 17 17 0 16 1 0 0 0 0 0 14 0 3 0 0 0 
Opponent10_D2 55.53677200000118 16 21 0 14 0 1 0 0 1 2 17 0 2 0 0 0 
Opponent10_D3 28.67844299999979 23 10 5 14 2 1 0 0 1 1 9 0 0 0 0 0 
Opponent10_D4 35.77656099999905 26 30 1 21 0 4 0 0 0 5 21 1 3 0 0 0 
Opponent10_D5 51.88212799999894 16 21 1 14 0 0 1 0 0 1 19 0 1 0 0 0 
Opponent10_F1 14.688981000000922 22 4 3 6 4 8 0 0 1 1 1 0 0 0 0 2 
Opponent10_F2 0 1 1 0 1 0 0 0 0 0 0 1 0 0 0 0 0 
Opponent10_F3 111.89147000000048 2 1 0 2 0 0 0 0 0 0 1 0 0 0 0 0 
Opponent10_M1 92.86398299999917 23 32 2 20 0 0 0 0 1 2 29 0 0 0 0 1 
Opponent10_M2 33.96307599999972 18 21 2 15 0 1 0 0 0 0 18 0 1 0 1 1 
Opponent10_M3 40.754789999999275 24 28 2 22 0 0 0 0 0 4 23 0 1 0 0 0 
Opponent10_M4 12.688519999999926 11 12 0 9 0 0 0 1 1 0 11 0 0 0 0 1 
Opponent10_M5 70.37801799999943 1 1 0 0 0 1 0 0 0 0 1 0 0 0 0 0 
Opponent10_G1 38.48478499999953 14 15 0 14 0 0 0 0 0 0 3 6 5 1 0 0 

[11]
14
Opponent11_D1 116.14825899999889 45 40 1 42 0 0 1 1 0 1 36 2 0 0 0 1 
Opponent11_D2 59.158779000000095 33 26 1 30 0 2 0 0 0 2 19 2 2 0 0 1 
Opponent11_D3 9.565938000000187 5 10 0 5 0 0 0 0 0 1 7 2 0 0 0 0 
Opponent11_D4 74.81613399999839 20 28 0 15 2 0 3 0 0 5 19 2 2 0 0 0 
Opponent11_D5 12.822457000001123 4 8 0 4 0 0 0 0 0 2 5 0 1 0 0 0 
Opponent11_F1 23.705900999998676 31 18 1 22 1 4 1 1 1 2 15 1 0 0 0 0 
Opponent11_F2 36.816746000000194 29 18 7 12 3 5 0 0 2 2 13 0 0 0 2 1 
Opponent11_F3 6.443817999999737 5 2 0 2 2 1 0 0 0 0 2 0 0 0 0 0 
Opponent11_M1 354.05002399999955 34 43 1 30 3 0 0 0 0 2 39 0 2 0 0 0 
Opponent11_M2 251.00407099999967 45 55 4 40 0 0 0 1 0 1 51 0 3 0 0 0 
Opponent11_M3 52.597526000000386 29 35 1 26 2 0 0 0 0 3 28 1 0 0 2 1 
Opponent11_M4 55.553080000000705 29 25 5 20 1 1 0 1 1 1 21 0 3 0 0 0 
Opponent11_G1 10.737565000000245 5 5 0 5 0 0 0 0 0 0 0 3 0 2 0 0 
Opponent11_G2 9.11442199999965 3 4 1 2 0 0 0 0 0 0 0 1 0 3 0 0 

[12]
13
Opponent12_D1 98.65978300000017 30 37 2 27 0 0 1 0 0 4 30 0 3 0 0 0 
Opponent12_D2 134.83239099999804 49 44 2 45 0 1 0 1 0 2 39 0 2 0 0 1 
Opponent12_D3 129.9788709999998 34 49 2 31 1 0 0 0 0 2 47 0 0 0 0 0 
Opponent12_D4 99.09369500000003 38 42 1 35 1 0 0 1 0 2 38 0 2 0 0 0 
Opponent12_F1 5.002610000000459 6 2 0 1 1 2 0 1 1 0 2 0 0 0 0 0 
Opponent12_M1 303.2769290000004 45 40 2 37 0 3 0 2 1 0 39 0 1 0 0 0 
Opponent12_M2 99.98542500000138 47 53 1 45 0 0 0 1 0 1 48 0 2 0 2 0 
Opponent12_M3 71.77394200000012 44 32 1 40 1 2 0 0 0 0 28 0 0 0 3 1 
Opponent12_M4 55.10300900000084 28 26 0 22 2 3 0 1 0 1 24 0 0 0 1 0 
Opponent12_M5 178.28156600000045 50 69 3 47 0 0 0 0 0 4 63 0 2 0 0 0 
Opponent12_M6 24.351568999999586 35 10 0 30 0 3 0 1 1 0 7 0 0 0 2 1 
Opponent12_M7 53.17305100000067 4 4 0 3 1 0 0 0 0 0 4 0 0 0 0 0 
Opponent12_G1 55.55751300000077 16 18 2 14 0 0 0 0 0 0 8 7 2 1 0 0 

[13]
14
Opponent13_D1 202.65180499999894 55 56 0 52 0 1 2 0 0 0 54 0 1 0 1 0 
Opponent13_D2 200.24414699999767 58 73 0 58 0 0 0 0 0 1 69 0 3 0 0 0 
Opponent13_D3 108.01330100000376 63 41 0 54 1 6 1 1 0 1 35 1 1 0 2 1 
Opponent13_D4 127.77007300000247 69 58 2 61 0 4 0 2 0 1 57 0 0 0 0 0 
Opponent13_D5 3.1010599999999613 1 2 0 1 0 0 0 0 0 0 2 0 0 0 0 0 
Opponent13_F1 11.464271999999198 17 14 2 12 1 0 0 0 2 2 12 0 0 0 0 0 
Opponent13_F2 5.61124000000018 3 1 0 3 0 0 0 0 0 0 1 0 0 0 0 0 
Opponent13_M1 40.64986899999906 23 29 0 21 0 1 0 1 0 1 26 0 0 0 1 1 
Opponent13_M2 140.27579799999944 61 80 1 59 0 1 0 0 0 3 74 0 3 0 0 0 
Opponent13_M3 93.77261500000066 51 58 3 47 0 0 0 1 0 1 54 0 3 0 0 0 
Opponent13_M4 66.55981099999991 46 37 3 40 0 0 0 2 1 2 35 0 0 0 0 0 
Opponent13_M5 216.1989279999994 40 36 1 38 0 1 0 0 0 0 29 1 2 0 3 1 
Opponent13_M6 9.60429700000077 5 7 0 5 0 0 0 0 0 0 7 0 0 0 0 0 
Opponent13_G1 27.595694999999637 12 12 0 12 0 0 0 0 0 0 8 0 1 3 0 0 

[14]
14
Opponent14_D1 324.5463379999999 42 35 1 40 0 0 0 1 0 0 32 0 1 0 0 2 
Opponent14_D2 192.42389499999945 37 29 2 34 0 0 1 0 0 2 25 0 2 0 0 0 
Opponent14_D3 105.72288099999906 36 44 0 36 0 0 0 0 0 3 38 0 3 0 0 0 
Opponent14_D4 154.1009690000002 50 54 0 48 0 1 1 0 0 1 48 1 4 0 0 0 
Opponent14_D5 72.95058500000039 21 22 1 17 0 3 0 0 0 1 21 0 0 0 0 0 
Opponent14_D6 7.06717000000026 3 6 0 3 0 0 0 0 0 1 5 0 0 0 0 0 
Opponent14_F1 121.13371500000011 11 7 0 8 0 3 0 0 0 1 5 0 0 0 1 0 
Opponent14_F2 11.996133999999074 16 12 1 9 0 4 0 0 2 0 12 0 0 0 0 0 
Opponent14_F3 23.57434400000011 6 7 0 1 2 3 0 0 0 0 6 0 0 0 0 1 
Opponent14_F4 1.6372280000005048 5 3 0 5 0 0 0 0 0 0 3 0 0 0 0 0 
Opponent14_M1 247.0454279999982 59 64 4 55 0 0 0 0 0 1 59 0 3 0 1 0 
Opponent14_M2 47.11233999999905 22 24 0 22 0 0 0 0 0 1 23 0 0 0 0 0 
Opponent14_M3 37.961118000001875 23 31 2 19 0 0 0 1 1 3 28 0 0 0 0 0 
Opponent14_G1 48.77825899999971 16 9 3 13 0 0 0 0 0 0 5 1 1 2 0 0 

[15]
13
Opponent15_D1 67.26712699999993 30 29 0 30 0 0 0 0 0 4 24 0 1 0 0 0 
Opponent15_D2 60.49224299999983 24 25 2 18 1 2 1 0 0 1 23 0 1 0 0 0 
Opponent15_D3 60.793634999998915 26 25 1 24 0 0 1 0 0 1 24 0 0 0 0 0 
Opponent15_D4 81.27672599999937 18 14 0 16 0 2 0 0 0 0 13 1 0 0 0 0 
Opponent15_F1 5.549736999999823 8 11 1 7 0 0 0 0 0 0 11 0 0 0 0 0 
Opponent15_F2 105.05635599999994 7 10 2 4 0 1 0 0 0 1 9 0 0 0 0 0 
Opponent15_F3 18.445228000000043 6 6 1 4 0 1 0 0 0 1 5 0 0 0 0 0 
Opponent15_F4 0.9314450000001671 2 2 0 2 0 0 0 0 0 0 2 0 0 0 0 0 
Opponent15_M1 25.337898000000564 13 11 0 10 0 3 0 0 0 1 10 0 0 0 0 0 
Opponent15_M2 52.41054600000018 27 29 2 25 0 0 0 0 0 2 26 0 1 0 0 0 
Opponent15_M3 325.0366160000015 37 40 1 36 0 0 0 0 0 1 35 0 4 0 0 0 
Opponent15_M4 246.32303800000045 9 10 1 8 0 0 0 0 0 0 10 0 0 0 0 0 
Opponent15_G1 35.30525200000079 17 12 1 16 0 0 0 0 0 0 8 0 2 2 0 0 

[16]
14
Opponent16_D1 147.51107200000286 47 65 1 45 0 0 1 0 0 3 60 1 0 0 1 0 
Opponent16_D2 189.20774900000063 62 66 1 58 0 2 0 1 0 5 58 0 1 0 1 1 
Opponent16_D3 326.57249799999863 77 72 2 66 0 8 0 0 1 4 64 1 2 0 0 1 
Opponent16_D4 157.34824999999793 48 62 1 45 0 0 2 0 0 7 54 0 1 0 0 0 
Opponent16_F1 111.73039800000271 48 36 5 40 1 2 0 0 0 0 33 0 2 0 0 1 
Opponent16_F2 170.66915399999908 49 36 0 43 0 4 0 0 2 0 33 0 1 0 1 1 
Opponent16_F3 26.80298400000015 23 15 2 13 1 3 0 1 3 2 13 0 0 0 0 0 
Opponent16_F4 18.91786999999931 6 9 0 6 0 0 0 0 0 0 9 0 0 0 0 0 
Opponent16_F5 50.13218099999813 12 11 0 12 0 0 0 0 0 0 9 0 1 0 1 0 
Opponent16_F6 7.545425999999679 4 3 0 2 1 1 0 0 0 0 3 0 0 0 0 0 
Opponent16_M1 379.9734600000011 85 89 6 79 0 0 0 0 0 2 79 0 8 0 0 0 
Opponent16_M2 138.69231300000303 54 50 2 44 0 5 1 1 1 1 42 0 6 0 0 1 
Opponent16_M3 215.57860099999806 83 76 4 76 0 0 1 1 1 1 69 0 3 0 0 3 
Opponent16_G1 25.081825999999637 7 15 1 6 0 0 0 0 0 0 9 1 0 5 0 0 

[17]
13
Opponent17_D1 103.06130300000015 34 47 0 31 0 1 2 0 0 5 36 2 4 0 0 0 
Opponent17_D2 81.61951999999934 39 37 1 36 0 1 0 1 0 3 33 0 0 0 0 1 
Opponent17_D3 121.85838000000092 40 46 2 36 0 2 0 0 0 4 31 3 8 0 0 0 
Opponent17_D4 117.9672069999989 33 36 0 32 1 0 0 0 0 3 32 0 1 0 0 0 
Opponent17_F1 7.373868999999786 19 10 3 9 4 2 0 0 1 1 9 0 0 0 0 0 
Opponent17_F2 0 7 1 2 1 1 2 0 0 1 1 0 0 0 0 0 0 
Opponent17_M1 90.26330600000003 41 50 3 38 0 0 0 0 0 0 44 1 3 0 0 2 
Opponent17_M2 77.73832500000051 31 22 4 21 2 2 0 0 2 0 22 0 0 0 0 0 
Opponent17_M3 66.01612700000055 22 14 2 14 3 2 0 0 1 1 11 0 0 0 1 1 
Opponent17_M4 75.87155799999903 33 30 0 28 1 4 0 0 0 0 29 0 0 0 0 1 
Opponent17_M5 114.66037700000041 45 51 2 42 1 0 0 0 0 1 48 1 1 0 0 0 
Opponent17_M6 3.6031330000005255 4 1 0 3 0 1 0 0 0 0 1 0 0 0 0 0 
Opponent17_G1 40.442349999998896 14 17 0 14 0 0 0 0 0 0 9 6 0 2 0 0 

[18]
14
Opponent18_D1 77.77295300000151 28 30 0 28 0 0 0 0 0 1 28 1 0 0 0 0 
Opponent18_D2 75.9904619999993 25 26 1 21 1 1 1 0 0 1 23 0 2 0 0 0 
Opponent18_D3 337.8857739999994 28 35 1 26 0 1 0 0 0 2 27 1 5 0 0 0 
Opponent18_D4 93.03097700000018 28 28 0 28 0 0 0 0 0 2 26 0 0 0 0 0 
Opponent18_F1 4.393069999999966 1 1 0 0 0 1 0 0 0 0 1 0 0 0 0 0 
Opponent18_F2 11.610222000001158 14 12 1 11 0 2 0 0 0 1 11 0 0 0 0 0 
Opponent18_F3 33.54192399999829 9 7 0 9 0 0 0 0 0 0 7 0 0 0 0 0 
Opponent18_M1 144.49050299999885 34 35 3 31 0 0 0 0 0 0 35 0 0 0 0 0 
Opponent18_M2 121.56838599999952 25 28 2 20 2 1 0 0 0 3 25 0 0 0 0 0 
Opponent18_M3 120.74733299999963 32 17 3 25 0 4 0 0 0 0 17 0 0 0 0 0 
Opponent18_M4 200.75005200000015 34 43 2 32 0 0 0 0 0 1 41 0 1 0 0 0 
Opponent18_M5 155.89496600000126 26 25 0 26 0 0 0 0 0 1 24 0 0 0 0 0 
Opponent18_M6 8.343320000001768 5 5 0 5 0 0 0 0 0 0 5 0 0 0 0 0 
Opponent18_G1 29.065045000000055 13 10 0 13 0 0 0 0 0 1 5 1 2 1 0 0 

[19]
14
Opponent3_D1 210.62004899999818 58 64 0 55 0 1 2 0 0 0 63 0 1 0 0 0 
Opponent3_D2 127.62085199999999 49 56 1 47 0 0 1 0 0 5 49 0 2 0 0 0 
Opponent3_D4 173.1210399999998 47 38 2 39 0 4 2 0 0 2 35 0 0 0 1 0 
Opponent3_D5 98.04122700000048 34 51 1 32 0 0 1 0 0 1 49 1 0 0 0 0 
Opponent3_D6 4.084450000000288 8 3 0 7 0 1 0 0 0 0 3 0 0 0 0 0 
Opponent3_F2 28.69931700000032 29 19 1 27 0 1 0 0 0 1 18 0 0 0 0 0 
Opponent3_F3 3.4307120000003124 1 3 0 1 0 0 0 0 0 0 3 0 0 0 0 0 
Opponent3_F4 154.51477500000104 44 43 0 42 0 2 0 0 0 2 38 0 1 0 1 1 
Opponent3_M1 104.93965299999854 31 17 0 30 0 0 0 1 0 0 16 0 1 0 0 0 
Opponent3_M2 145.43984399999994 42 41 2 37 0 2 0 0 1 0 39 0 1 0 0 1 
Opponent3_M3 128.8272620000015 59 63 1 58 0 0 0 0 0 2 59 0 2 0 0 0 
Opponent3_M4 56.93429800000146 33 25 2 27 0 2 0 1 1 0 24 0 1 0 0 0 
Opponent3_M5 80.01315900000014 46 56 0 45 1 0 0 0 0 0 52 0 4 0 0 0 
Opponent3_G1 57.998775000001956 17 19 3 14 0 0 0 0 0 0 13 0 0 6 0 0 

[20]
14
Opponent19_D1 92.3055219999992 26 29 2 21 0 1 2 0 0 2 23 0 3 0 0 1 
Opponent19_D2 86.21232199999992 17 24 0 15 1 1 0 0 0 2 20 0 2 0 0 0 
Opponent19_D3 38.14639199999988 9 13 2 7 0 0 0 0 0 2 10 1 0 0 0 0 
Opponent19_D4 297.87749399999916 28 21 3 22 0 1 1 0 1 2 15 0 2 0 0 2 
Opponent19_F1 23.54113700000073 20 17 1 13 0 4 0 2 0 2 13 0 1 0 0 1 
Opponent19_F2 0 7 2 0 2 0 2 0 0 3 0 2 0 0 0 0 0 
Opponent19_F3 0 2 3 0 0 0 1 0 0 1 0 3 0 0 0 0 0 
Opponent19_M1 156.24096299999968 35 32 1 31 1 2 0 0 0 5 25 0 2 0 0 0 
Opponent19_M2 20.58816400000012 11 18 2 8 0 0 0 0 1 0 17 0 1 0 0 0 
Opponent19_M3 208.83610500000242 36 27 2 30 1 0 1 0 2 1 21 1 2 0 1 1 
Opponent19_M4 49.432291000000305 22 24 1 21 0 0 0 0 0 0 20 0 0 0 1 3 
Opponent19_M5 13.58708200000001 8 9 2 5 0 1 0 0 0 0 9 0 0 0 0 0 
Opponent19_M6 12.836341999999604 1 1 0 1 0 0 0 0 0 0 1 0 0 0 0 0 
Opponent19_G1 8.878731000000244 8 10 0 8 0 0 0 0 0 0 5 1 0 4 0 0 

[21]
13
Opponent6_D2 45.908309000001 29 28 2 27 0 0 0 0 0 2 26 0 0 0 0 0 
Opponent6_D3 49.355171999998674 22 20 0 22 0 0 0 0 0 1 14 1 0 0 0 4 
Opponent6_D4 57.120595000000776 16 16 1 12 1 0 1 0 1 2 14 0 0 0 0 0 
Opponent6_D5 95.88857300000063 10 18 0 7 0 0 3 0 0 2 15 1 0 0 0 0 
Opponent6_F2 5.22153800000001 5 6 0 4 0 0 0 0 1 0 5 0 0 0 0 1 
Opponent6_F3 16.92300800000112 14 18 3 10 1 0 0 0 0 2 16 0 0 0 0 0 
Opponent6_F5 4.440679000000046 6 9 1 2 0 1 0 0 2 1 8 0 0 0 0 0 
Opponent6_M3 20.252426999999756 24 23 0 24 0 0 0 0 0 2 20 0 1 0 0 0 
Opponent6_M4 20.645525999999222 13 16 1 12 0 0 0 0 0 0 16 0 0 0 0 0 
Opponent6_M5 38.17430499999966 18 17 3 14 0 0 1 0 0 1 16 0 0 0 0 0 
Opponent6_M6 48.35901000000143 37 23 3 33 0 0 0 0 1 0 23 0 0 0 0 0 
Opponent6_M7 7.133011999999326 2 3 0 2 0 0 0 0 0 1 2 0 0 0 0 0 
Opponent6_G1 11.93251899999973 7 7 0 7 0 0 0 0 0 0 2 0 0 5 0 0 

[22]
12
Opponent5_D1 96.84551000000187 32 39 1 31 0 0 0 0 0 0 39 0 0 0 0 0 
Opponent5_D5 80.94713500000108 33 38 0 31 0 0 0 2 0 5 30 0 2 0 1 0 
Opponent5_D6 111.00538399999925 33 40 0 33 0 0 0 0 0 1 36 0 3 0 0 0 
Opponent5_D7 76.26536500000117 35 34 0 34 0 0 1 0 0 2 32 0 0 0 0 0 
Opponent5_F2 6.06021200000032 3 2 0 3 0 0 0 0 0 0 1 0 0 0 0 1 
Opponent5_F3 61.95392699999974 35 21 1 25 0 5 0 3 1 0 19 0 0 0 1 1 
Opponent5_M1 183.72048400000017 51 60 0 51 0 0 0 0 0 1 57 0 2 0 0 0 
Opponent5_M4 322.7209489999995 48 51 4 42 0 2 0 0 0 1 50 0 0 0 0 0 
Opponent5_M5 139.5019710000007 58 51 2 50 1 3 0 2 0 1 49 0 0 0 1 0 
Opponent5_M6 179.685164999998 84 85 1 82 0 0 0 0 1 1 82 0 1 0 1 0 
Opponent5_M7 245.11534600000198 54 48 4 46 0 1 1 0 2 1 39 0 3 0 3 2 
Opponent5_G1 20.00630500000034 10 7 0 10 0 0 0 0 0 0 4 1 0 2 0 0 

[23]
14
Opponent4_D1 124.30473899999953 43 50 0 40 0 1 2 0 0 7 39 1 3 0 0 0 
Opponent4_D2 127.11412700000074 36 44 0 36 0 0 0 0 0 2 42 0 0 0 0 0 
Opponent4_D5 111.47397199999688 45 49 0 44 0 0 0 1 0 3 45 0 0 0 0 1 
Opponent4_D6 126.86532699999802 48 40 1 39 0 6 0 2 0 3 36 0 0 0 0 1 
Opponent4_F1 27.20355500000028 31 16 1 22 3 2 0 1 2 0 13 0 1 0 1 1 
Opponent4_F2 61.86647599999969 37 27 1 29 1 3 0 0 3 1 23 0 0 0 3 0 
Opponent4_M1 197.31493700000112 58 60 7 50 0 0 0 0 1 2 49 0 6 0 2 1 
Opponent4_M2 24.32241300000078 11 12 0 10 0 1 0 0 0 0 11 0 0 0 0 1 
Opponent4_M3 177.57659399999972 49 49 3 46 0 0 0 0 0 0 46 0 2 0 0 1 
Opponent4_M4 66.6900820000007 47 33 2 39 0 1 1 4 0 0 31 0 1 0 1 0 
Opponent4_M5 164.11659400000187 45 62 4 40 0 0 1 0 0 1 60 0 0 0 1 0 
Opponent4_M7 31.08153299999958 8 8 0 8 0 0 0 0 0 0 8 0 0 0 0 0 
Opponent4_M8 5.924885000000359 1 1 0 1 0 0 0 0 0 0 1 0 0 0 0 0 
Opponent4_G1 43.861884999999575 14 22 0 14 0 0 0 0 0 0 14 3 1 4 0 0 

[24]
14
Opponent19_D1 20.609119000000305 16 24 0 16 0 0 0 0 0 4 16 1 2 0 0 1 
Opponent19_D2 29.707613000000038 11 10 0 11 0 0 0 0 0 1 9 0 0 0 0 0 
Opponent19_D3 40.927692000000775 13 20 1 12 0 0 0 0 0 3 11 2 4 0 0 0 
Opponent19_D4 16.803042999999434 16 17 1 15 0 0 0 0 0 1 13 1 1 0 0 1 
Opponent19_D5 2.6142079999999623 1 3 0 1 0 0 0 0 0 2 0 0 1 0 0 0 
Opponent19_F1 21.799187999999276 18 13 0 12 2 4 0 0 0 0 12 0 0 0 1 0 
Opponent19_F2 36.17039800000009 29 17 4 12 8 2 0 1 2 0 17 0 0 0 0 0 
Opponent19_M1 63.774216999999794 9 17 2 7 0 0 0 0 0 1 15 0 1 0 0 0 
Opponent19_M2 1.7865789999996196 1 2 0 1 0 0 0 0 0 0 2 0 0 0 0 0 
Opponent19_M3 16.11426700000004 18 15 2 15 1 0 0 0 0 2 12 1 0 0 0 0 
Opponent19_M4 26.24431700000042 15 12 1 12 1 1 0 0 0 0 12 0 0 0 0 0 
Opponent19_M5 35.51984299999975 22 21 1 18 0 2 1 0 0 2 18 0 1 0 0 0 
Opponent19_M6 0 4 1 1 0 2 1 0 0 0 0 1 0 0 0 0 0 
Opponent19_G1 34.79474800000071 13 14 3 8 1 0 1 0 0 0 2 10 0 2 0 0 

[25]
14
Opponent10_D3 155.10741099999916 31 26 2 25 0 4 0 0 0 2 21 0 0 0 0 3 
Opponent10_D4 14.221698000000288 4 5 0 3 0 0 1 0 0 1 3 0 1 0 0 0 
Opponent10_D5 150.40859199999863 31 37 1 28 0 0 2 0 0 1 31 0 5 0 0 0 
Opponent10_D6 62.993134000000964 24 37 0 23 0 0 1 0 0 4 32 0 1 0 0 0 
Opponent10_F1 4.677639000000113 9 3 2 3 0 1 0 0 3 0 3 0 0 0 0 0 
Opponent10_F2 13.702833999999939 11 8 0 10 0 1 0 0 0 1 7 0 0 0 0 0 
Opponent10_F3 5.437909000000218 3 4 0 3 0 0 0 0 0 0 4 0 0 0 0 0 
Opponent10_F4 13.050841000000219 8 9 1 7 0 0 0 0 0 0 9 0 0 0 0 0 
Opponent10_M2 14.07370000000003 8 5 0 6 0 2 0 0 0 0 5 0 0 0 0 0 
Opponent10_M3 272.7240790000027 30 33 1 29 0 0 0 0 0 0 32 0 1 0 0 0 
Opponent10_M5 44.045504999999594 31 22 1 27 0 3 0 0 0 0 21 0 0 0 0 1 
Opponent10_M6 49.032685999998876 34 34 2 31 0 0 0 0 1 1 32 0 1 0 0 0 
Opponent10_M7 76.53674400000193 35 36 0 34 0 0 1 0 0 1 34 0 1 0 0 0 
Opponent10_G1 114.99329199999863 14 14 1 13 0 0 0 0 0 0 8 0 1 5 0 0 

[26]
14
Opponent9_D2 19.94024400000046 16 13 1 14 0 1 0 0 0 0 13 0 0 0 0 0 
Opponent9_D3 99.38843599999791 33 37 3 30 0 0 0 0 0 2 34 0 1 0 0 0 
Opponent9_D4 185.58834700000307 18 18 1 16 0 1 0 0 0 3 15 0 0 0 0 0 
Opponent9_D5 92.07185799999866 38 35 1 33 0 2 2 0 0 0 34 0 1 0 0 0 
Opponent9_D6 244.0690559999993 48 50 0 47 0 0 1 0 0 4 46 0 0 0 0 0 
Opponent9_F3 22.808071999999584 14 11 0 9 1 1 0 2 1 0 10 0 0 0 1 0 
Opponent9_M1 129.79647599999646 57 52 2 54 0 0 1 0 0 0 50 0 1 0 1 0 
Opponent9_M2 92.34617800000092 47 49 0 45 0 1 0 0 1 0 47 0 0 0 1 1 
Opponent9_M3 131.5017030000016 64 67 2 62 0 0 0 0 0 3 60 0 3 0 1 0 
Opponent5_M3 232.74956000000014 31 30 1 28 0 0 0 2 0 0 28 0 0 0 1 1 
Opponent9_M4 10.30250199999955 6 6 0 6 0 0 0 0 0 0 6 0 0 0 0 0 
Opponent9_M6 169.53841200000022 42 45 0 39 1 1 0 1 0 0 43 1 1 0 0 0 
Opponent9_G1 18.421931000000086 8 5 1 7 0 0 0 0 0 0 3 0 0 2 0 0 
Opponent9_G2 2.6331159999999727 1 5 0 1 0 0 0 0 0 0 2 1 0 2 0 0 

[27]
11
Opponent12_D2 67.95090700000193 25 21 0 22 0 1 0 1 1 0 18 0 0 0 1 2 
Opponent12_D5 36.48891799999819 13 16 1 11 0 0 1 0 0 1 15 0 0 0 0 0 
Opponent12_D6 59.906615000001125 14 22 0 14 0 0 0 0 0 3 17 0 1 0 0 1 
Opponent12_D7 204.15140900000029 23 19 2 18 0 2 0 1 0 2 15 0 0 0 2 0 
Opponent12_F1 16.670817000000625 17 12 1 5 0 5 0 2 4 2 10 0 0 0 0 0 
Opponent12_F2 25.37960499999963 20 18 2 16 1 1 0 0 0 0 15 0 0 0 1 2 
Opponent12_M2 156.8498049999995 35 33 1 34 0 0 0 0 0 0 29 0 4 0 0 0 
Opponent12_M3 77.425800000001 26 21 1 22 1 1 0 1 0 0 20 0 0 0 1 0 
Opponent12_M4 102.18773699999838 23 23 5 17 0 0 0 1 0 2 19 0 1 0 1 0 
Opponent12_M5 63.95823400000063 22 30 1 21 0 0 0 0 0 4 23 0 3 0 0 0 
Opponent12_G2 0 2 5 0 2 0 0 0 0 0 0 1 2 1 1 0 0 

[28]
14
Opponent11_D1 33.29919299999892 12 11 1 9 0 1 0 0 1 0 10 0 0 0 0 1 
Opponent11_D2 149.23310700000042 17 14 1 16 0 0 0 0 0 1 13 0 0 0 0 0 
Opponent11_D5 137.7093570000004 28 27 1 27 0 0 0 0 0 0 26 0 1 0 0 0 
Opponent11_D6 98.03001200000136 27 27 0 24 0 2 0 1 0 3 21 0 1 0 1 1 
Opponent11_D7 46.571186999999895 20 24 1 18 0 0 1 0 0 5 18 1 0 0 0 0 
Opponent11_F1 130.52358400000048 18 12 1 13 0 3 0 1 0 0 12 0 0 0 0 0 
Opponent11_F3 16.409967999999026 10 10 0 9 0 1 0 0 0 1 7 0 0 0 0 2 
Opponent11_F4 7.191478999999731 15 8 1 11 0 1 0 0 2 0 7 0 1 0 0 0 
Opponent11_F5 210.13313600000015 16 14 1 14 0 1 0 0 0 0 13 0 0 0 1 0 
Opponent11_M2 84.42610199999956 37 55 3 34 0 0 0 0 0 3 51 0 1 0 0 0 
Opponent11_M3 27.428118000000723 8 10 0 7 0 0 0 0 1 0 10 0 0 0 0 0 
Opponent11_M5 445.6214280000001 28 33 2 26 0 0 0 0 0 1 30 0 2 0 0 0 
Opponent11_M6 11.174550000000409 13 9 1 10 1 0 0 0 1 0 7 0 1 0 0 1 
Opponent11_G2 113.9252869999998 11 6 1 10 0 0 0 0 0 0 3 0 2 1 0 0 

[29]
11
Opponent7_D1 74.6461619999991 29 31 0 25 0 0 4 0 0 2 27 0 2 0 0 0 
Opponent7_D2 48.473580999999 22 22 0 22 0 0 0 0 0 2 14 1 5 0 0 0 
Opponent7_D3 212.95493999999997 17 26 0 17 0 0 0 0 0 3 21 1 1 0 0 0 
Opponent7_D4 87.88145299999996 28 23 0 27 0 0 0 1 0 1 16 0 2 0 2 2 
Opponent7_F1 5.291638000000148 13 7 4 2 2 4 0 0 1 1 6 0 0 0 0 0 
Opponent7_F2 39.61481000000023 19 9 4 2 2 7 0 2 2 2 7 0 0 0 0 0 
Opponent7_M1 11.95954299999994 5 10 1 3 0 0 0 1 0 1 8 0 0 0 1 0 
Opponent7_M2 28.948179999999184 23 29 3 18 2 0 0 0 0 2 27 0 0 0 0 0 
Opponent7_M6 53.30798900000036 30 35 2 27 0 0 1 0 0 1 32 1 1 0 0 0 
Opponent7_M7 142.77565300000012 26 21 1 24 0 1 0 0 0 0 17 0 2 0 1 1 
Opponent7_G1 21.629149999999584 13 12 0 12 0 1 0 0 0 0 4 3 0 5 0 0 

[30]
12
Opponent8_D2 33.36265399999979 13 15 0 13 0 0 0 0 0 1 14 0 0 0 0 0 
Opponent8_D3 24.401739000001044 12 21 1 10 0 0 1 0 0 1 20 0 0 0 0 0 
Opponent8_D6 22.24488000000042 14 11 0 13 0 0 1 0 0 2 8 0 1 0 0 0 
Opponent8_D7 30.030312000000094 24 16 0 23 0 0 1 0 0 0 15 0 1 0 0 0 
Opponent8_F1 17.189443999999185 10 8 2 5 0 2 0 0 1 1 7 0 0 0 0 0 
Opponent8_F2 13.669703999999797 10 12 3 7 0 0 0 0 0 0 11 0 0 0 1 0 
Opponent8_F5 0 2 5 1 0 0 0 0 0 1 1 4 0 0 0 0 0 
Opponent8_M1 33.547698999999966 12 19 0 9 0 1 0 1 1 5 14 0 0 0 0 0 
Opponent8_M2 168.82139199999847 29 26 2 26 0 1 0 0 0 0 23 0 1 0 0 2 
Opponent8_M5 490.7692880000018 15 17 0 13 1 0 1 0 0 0 16 0 0 0 0 1 
Opponent8_M6 34.4473830000004 15 14 1 14 0 0 0 0 0 1 13 0 0 0 0 0 
Opponent8_G1 10.296681999999919 12 8 2 10 0 0 0 0 0 0 2 1 1 4 0 0 

[31]
13
Opponent1_D3 38.88203999999985 13 20 1 12 0 0 0 0 0 2 18 0 0 0 0 0 
Opponent1_D4 26.432501999999545 9 14 0 9 0 0 0 0 0 1 10 0 3 0 0 0 
Opponent1_D5 30.264706000000388 19 26 0 19 0 0 0 0 0 6 20 0 0 0 0 0 
Opponent1_D6 136.544631000001 17 19 1 15 0 1 0 0 0 1 13 1 4 0 0 0 
Opponent1_F1 5.124799000000166 2 3 0 1 0 1 0 0 0 0 3 0 0 0 0 0 
Opponent1_F4 3.7698529999997845 19 6 2 7 5 4 0 1 0 0 6 0 0 0 0 0 
Opponent1_F6 115.50732799999969 2 3 1 1 0 0 0 0 0 0 3 0 0 0 0 0 
Opponent1_M2 48.40163800000005 25 19 2 21 0 2 0 0 0 0 17 0 1 0 1 0 
Opponent1_M3 123.19467099999787 41 38 2 37 1 0 0 1 0 1 36 1 0 0 0 0 
Opponent1_M4 140.3296820000004 24 25 4 17 1 2 0 0 0 2 22 0 0 0 1 0 
Opponent1_M5 21.09513400000003 15 13 0 15 0 0 0 0 0 2 8 1 2 0 0 0 
Opponent1_M6 33.59482800000137 17 21 2 15 0 0 0 0 0 0 20 1 0 0 0 0 
Opponent1_G1 74.83394099999941 12 8 0 11 1 0 0 0 0 0 4 4 0 0 0 0 

[32]
14
Opponent2_D1 111.02912299999986 45 44 0 40 0 1 0 3 1 0 41 0 2 0 0 1 
Opponent2_D2 272.8856749999992 102 107 1 98 0 2 1 0 0 1 102 0 3 0 0 1 
Opponent2_D4 191.01450499999976 78 90 1 77 0 0 0 0 0 5 85 0 0 0 0 0 
Opponent2_D5 2.8931769999999233 2 1 1 1 0 0 0 0 0 1 0 0 0 0 0 0 
Opponent2_D6 202.4493169999996 58 70 2 54 0 1 1 0 0 5 60 0 3 0 1 1 
Opponent2_F1 106.89572000000027 39 35 1 33 0 1 0 1 3 2 31 0 0 0 2 0 
Opponent2_F3 54.560845999998946 33 28 0 31 0 1 0 0 1 0 27 0 0 0 0 1 
Opponent2_M1 365.4903049999981 159 163 0 159 0 0 0 0 0 3 158 0 1 0 1 0 
Opponent2_M2 316.00884700000034 96 91 2 89 0 1 1 1 2 1 85 0 3 0 0 2 
Opponent2_M3 94.58827600000097 53 42 5 40 0 7 0 0 1 0 40 0 1 0 0 1 
Opponent2_M4 267.92298600000174 130 122 2 126 0 2 0 0 0 1 118 0 1 0 1 1 
Opponent2_M5 65.02155099999982 31 30 1 30 0 0 0 0 0 0 30 0 0 0 0 0 
Opponent2_M6 58.44373000000087 31 29 0 30 0 1 0 0 0 0 29 0 0 0 0 0 
Opponent2_G1 79.9005999999979 20 25 3 17 0 0 0 0 0 0 19 0 3 3 0 0 

[33]
13
Opponent13_D1 246.40504899999883 50 57 0 50 0 0 0 0 0 7 46 1 3 0 0 0 
Opponent16_D1 81.95711299999874 38 41 1 35 0 1 1 0 0 1 40 0 0 0 0 0 
Opponent16_D4 197.03374700000103 59 63 1 58 0 0 0 0 0 3 54 2 2 0 1 1 
Opponent16_D5 60.33296299999972 40 36 2 35 1 2 0 0 0 2 33 0 1 0 0 0 
Opponent16_F1 33.61743900000056 18 12 0 16 1 0 0 1 0 1 11 0 0 0 0 0 
Opponent16_F3 174.97727900000024 28 15 5 12 5 3 0 0 3 1 14 0 0 0 0 0 
Opponent16_F4 37.28843299999971 9 7 2 6 0 0 1 0 0 0 6 0 1 0 0 0 
Opponent16_F6 34.094646000001035 28 16 2 21 2 3 0 0 0 0 15 0 0 0 1 0 
Opponent16_M1 94.83741299999923 49 60 2 46 0 0 0 1 0 6 50 1 1 0 2 0 
Opponent16_M2 4.529306000000361 4 4 1 3 0 0 0 0 0 1 3 0 0 0 0 0 
Opponent16_M3 100.35633499999756 55 48 4 42 0 5 1 3 0 0 43 0 2 0 1 2 
Opponent16_M4 152.2149250000009 52 70 3 47 1 1 0 0 0 1 64 0 5 0 0 0 
Opponent16_G2 38.04146599999967 16 17 0 16 0 0 0 0 0 0 8 6 0 3 0 0 

[34]
13
Opponent18_D1 141.629927 21 25 2 19 0 0 0 0 0 1 24 0 0 0 0 0 
Opponent18_D2 173.458205000001 28 27 1 26 0 0 1 0 0 1 25 0 1 0 0 0 
Opponent18_D3 108.94330599999887 47 36 2 43 0 0 2 0 0 4 30 0 2 0 0 0 
Opponent18_D4 38.45989899999995 22 18 1 20 0 1 0 0 0 1 14 0 0 0 0 3 
Opponent14_F2 39.8517090000006 17 20 0 14 0 1 0 0 2 0 18 0 2 0 0 0 
Opponent18_F2 10.188709000000927 8 3 2 3 0 1 0 1 1 0 2 0 0 0 0 1 
Opponent18_F3 44.935745 24 22 0 19 1 3 0 0 1 1 20 0 1 0 0 0 
Opponent18_M1 233.3726840000005 32 30 1 30 0 1 0 0 0 1 28 0 0 0 1 0 
Opponent18_M3 31.666475999999875 10 16 1 9 0 0 0 0 0 1 14 0 1 0 0 0 
Opponent18_M5 20.695088000001306 13 13 1 12 0 0 0 0 0 0 13 0 0 0 0 0 
Opponent18_M7 79.3439580000007 35 48 4 31 0 0 0 0 0 5 43 0 0 0 0 0 
Opponent18_M8 102.42590900000002 27 24 1 24 0 1 1 0 0 2 22 0 0 0 0 0 
Opponent18_G1 28.914108999999883 9 11 1 8 0 0 0 0 0 0 5 1 1 4 0 0 

[35]
14
Opponent17_D1 22.748047000000383 15 17 0 14 0 1 0 0 0 3 10 0 3 0 1 0 
Opponent17_D2 11.17576999999983 17 13 3 13 0 0 1 0 0 2 10 0 0 0 0 1 
Opponent17_D3 48.16869000000088 18 31 2 15 0 0 1 0 0 8 20 1 2 0 0 0 
Opponent17_D5 85.59688199999937 21 23 3 16 0 1 1 0 0 3 16 0 4 0 0 0 
Opponent17_F1 2.4537709999999606 6 3 0 3 2 1 0 0 0 0 3 0 0 0 0 0 
Opponent17_F3 125.33913600000068 31 13 4 17 1 6 0 2 1 0 12 0 0 0 1 0 
Opponent17_F4 39.43138800000037 21 14 0 14 0 6 0 1 0 2 11 0 0 0 1 0 
Opponent17_M1 40.717332 25 23 5 19 0 0 1 0 0 1 18 0 4 0 0 0 
Opponent17_M2 20.635295999999244 19 24 0 15 0 3 0 1 0 1 19 0 3 0 1 0 
Opponent17_M3 38.178029 26 34 1 24 0 1 0 0 0 0 31 0 3 0 0 0 
Opponent17_M5 6.633371999999326 6 7 1 5 0 0 0 0 0 0 6 0 1 0 0 0 
Opponent17_M7 39.776547000000164 24 25 3 16 1 2 0 1 1 2 19 1 1 0 1 1 
Opponent17_M8 3.335780000000341 5 2 0 5 0 0 0 0 0 0 2 0 0 0 0 0 
Opponent17_G2 17.662599999999998 6 11 0 6 0 0 0 0 0 0 5 2 0 4 0 0 

[36]
13
Opponent15_D1 168.51584500000064 26 26 0 24 0 0 2 0 0 1 23 0 2 0 0 0 
Opponent15_D3 175.2488949999988 33 36 1 29 0 1 2 0 0 3 32 0 1 0 0 0 
Opponent15_D4 105.07875100000001 3 3 0 2 0 1 0 0 0 1 2 0 0 0 0 0 
Opponent15_D5 45.53418599999844 23 24 0 23 0 0 0 0 0 1 23 0 0 0 0 0 
Opponent15_D6 198.27334600000046 24 19 0 21 0 3 0 0 0 1 14 0 4 0 0 0 
Opponent15_F3 58.41814200000019 28 20 3 23 0 1 1 0 0 0 20 0 0 0 0 0 
Opponent15_F4 34.86018699999994 14 12 3 6 1 4 0 0 0 0 12 0 0 0 0 0 
Opponent15_M3 99.92623799999814 47 54 3 44 0 0 0 0 0 0 51 0 3 0 0 0 
Opponent15_M5 183.65946200000042 28 28 1 26 0 1 0 0 0 0 27 0 1 0 0 0 
Opponent15_M6 45.92993799999999 24 28 1 23 0 0 0 0 0 2 26 0 0 0 0 0 
Opponent15_M7 187.80951799999985 30 27 0 28 1 1 0 0 0 2 24 0 1 0 0 0 
Opponent15_M8 12.833493999999973 7 8 0 7 0 0 0 0 0 1 7 0 0 0 0 0 
Opponent15_G1 33.69225600000016 11 13 0 11 0 0 0 0 0 0 6 2 0 5 0 0 

[37]
14
Opponent13_D2 91.82410999999968 22 28 1 20 0 1 0 0 0 1 24 1 2 0 0 0 
Opponent13_D3 95.83854899999977 29 25 2 24 0 3 0 0 0 1 19 1 3 0 0 1 
Opponent13_D4 38.231878999999935 22 19 0 20 1 0 1 0 0 1 17 0 1 0 0 0 
Opponent13_D5 26.52928099999974 15 20 0 13 0 2 0 0 0 2 17 0 1 0 0 0 
Opponent13_D6 96.9294220000022 29 29 1 27 0 1 0 0 0 1 25 0 3 0 0 0 
Opponent13_F1 11.566357000000266 14 7 2 7 2 2 0 1 0 0 5 0 1 0 1 0 
Opponent13_F2 8.607592999999724 3 3 0 2 1 0 0 0 0 1 2 0 0 0 0 0 
Opponent13_M1 31.473611999999946 22 17 0 20 0 2 0 0 0 1 15 0 0 0 1 0 
Opponent13_M2 245.15887899999996 36 40 1 34 0 0 0 1 0 1 37 1 0 0 1 0 
Opponent13_M4 8.175297000000683 5 7 0 5 0 0 0 0 0 0 6 0 1 0 0 0 
Opponent13_M6 32.48462100000026 14 12 0 10 0 3 0 1 0 1 11 0 0 0 0 0 
Opponent13_M7 51.966974999999366 23 28 2 21 0 0 0 0 0 1 24 0 3 0 0 0 
Opponent13_M8 247.16114299999936 8 7 2 3 1 1 0 0 1 0 7 0 0 0 0 0 
Opponent13_G2 6.098126999999977 4 4 0 4 0 0 0 0 0 0 1 2 0 1 0 0 

[38]
14
Opponent14_D1 43.93978299999958 26 25 0 22 1 2 0 0 1 3 21 0 1 0 0 0 
Opponent14_D2 139.4843280000004 38 35 2 34 0 1 1 0 0 3 30 0 0 0 1 1 
Opponent14_D4 54.74775400000101 19 20 1 17 0 0 0 0 1 0 19 0 1 0 0 0 
Opponent14_D5 37.539414000000136 11 13 0 11 0 0 0 0 0 0 11 0 1 0 0 1 
Opponent14_D6 72.55802400000061 23 27 0 20 0 3 0 0 0 1 25 0 1 0 0 0 
Opponent14_D7 12.492369999999937 1 1 0 1 0 0 0 0 0 0 1 0 0 0 0 0 
Opponent14_F1 185.94706899999957 41 31 0 33 1 5 0 1 1 0 28 0 0 0 1 2 
Opponent14_M1 131.27311699999984 46 49 1 42 0 1 0 0 2 1 48 0 0 0 0 0 
Opponent14_M2 6.760284999999385 4 4 0 4 0 0 0 0 0 0 3 0 1 0 0 0 
Opponent14_M3 39.288135000000125 24 28 2 22 0 0 0 0 0 1 27 0 0 0 0 0 
Opponent14_M4 140.1669879999987 39 42 0 37 0 0 1 1 0 2 39 0 1 0 0 0 
Opponent14_M5 234.50290099999998 42 43 1 41 0 0 0 0 0 0 40 0 2 0 0 1 
Opponent14_M6 59.38496600000167 29 24 3 24 1 0 1 0 0 0 23 0 1 0 0 0 
Opponent14_G2 17.0547710000003 12 13 1 11 0 0 0 0 0 0 4 3 3 3 0 0 

