p.s. Attention ! Oppo is the complex of the opponents.
[pass count] 
match id | Oppo team
1  197  
2  416  
3  471  
4  345  
5  373  
6  294  
7  179  
8  277  
9  501  
10  214  
11  317  
12  426  
13  504  
14  347  
15  224  
16  605  
17  362  
18  302  
19  498  
20  230  
21  204  
22  476  
23  473  
24  186  
25  273  
26  423  
27  220  
28  260  
29  225  
30  172  
31  215  
32  877  
33  446  
34  293  
35  240  
36  298  
37  246  
38  355  

[cooperation count] 
match id | Oppo team double-cooperation counts | Oppo tri-cooperation counts
1 10 83
2 45 215
3 52 252
4 36 165
5 51 189
6 23 152
7 18 86
8 24 128
9 65 266
10 13 100
11 37 147
12 54 210
13 80 274
14 38 183
15 22 97
16 70 347
17 51 168
18 34 143
19 48 255
20 16 99
21 29 60
22 67 265
23 50 256
24 9 60
25 26 138
26 49 256
27 20 101
28 32 108
29 20 94
30 19 74
31 18 94
32 174 542
33 54 243
34 26 143
35 23 87
36 25 129
37 21 126
38 54 170
