1 44.83537145192943 52.80383148097593
2 51.37337856980642 47.291562980141286
3 45.13099595510683 48.78640006416551
4 48.19105399980726 47.09072846845713
5 56.00836101777683 42.55373856347477
6 50.023491188229166 47.2997772901135
7 48.238482271990044 51.02589645203697
8 45.99228446538986 46.979899713390814
9 47.94534441181047 45.398938249688456
10 45.32123499873439 42.02450677168655
11 50.268557315595544 49.825381775068244
12 52.61155537606735 51.89942112421306
13 48.56519800247028 48.39750389378757
14 47.970835237551796 49.82231838801468
15 52.56407494838273 50.02647429734265
16 55.43395653719817 48.44523185740627
17 48.73878799660502 47.136825071773615
18 46.49477744661513 46.44257720180318
19 51.28676077924674 48.1168884575398
20 52.003129797920444 48.01293880811891
21 44.868252056144534 50.25082255891109
22 52.613411718123906 48.74552389648725
23 49.89300939263181 48.47711157751741
24 47.02462516032795 45.25020102103116
25 40.68246500216473 46.47458135415128
26 48.62714426263797 48.11022354684093
27 53.090205421512714 45.42255426948379
28 47.78334981819443 51.44937689819407
29 49.23437160838356 49.51594732682632
30 45.626380892382315 51.19105739235275
31 47.68905377134904 45.780279394667524
32 50.1351889982633 50.62704780980367
33 48.185232552039444 52.135475508902715
34 49.32490103848817 53.740950084732894
35 43.012653028713096 49.55675788849327
36 52.331051339945574 48.88468766252452
37 48.56387008682101 46.909426040326274
38 53.4132093526301 46.954499297457794
