1 25.058809100437642 7.393346838232201 0.19062460521923874 0.16359690400485297
2 21.37278570848852 7.577202493558923 0.18126341383029124 0.1716322144991303
3 25.606889600203804 8.373661531147556 0.17859783667154167 0.16029954413637257
4 27.352989575976032 7.014096837317768 0.18213010539413252 0.1753837338943179
5 21.101622948899593 6.182305201118536 0.18177441762265031 0.15770698460524726
6 24.65690544260104 7.03509618725962 0.18491346304979034 0.15887142190564213
7 26.550064972847277 8.881118164717263 0.23106463695120716 0.17716949388321493
8 27.214615632302753 10.212778519145864 0.17739717493215038 0.15376848960587072
9 20.95724774055977 5.897050712055923 0.1926418255312454 0.16787350716568358
10 26.11798772123846 6.0818128609781645 0.17329728379483914 0.16780179571265916
11 24.84559272164918 6.2738642215489655 0.17361420877606662 0.1587449261176744
12 25.10463316759345 7.352195675401759 0.19429244265038573 0.16858928323868305
13 25.276108093345467 8.015076673701076 0.17561018420367552 0.1715810379909532
14 26.38748809713906 5.417026302640878 0.17511151372669662 0.16299369989803636
15 22.310980522443213 7.214262878443771 0.19060140771280085 0.1720604921945204
16 24.490586977967183 5.9791983581787544 0.18198615316063063 0.16492221408624494
17 26.442725748278995 7.875100593154974 0.17602456426442104 0.1918896158161238
18 27.03852220555791 7.302576947976205 0.18557078671494848 0.16791225775553342
19 25.40587801922951 8.087321983062202 0.18101928900983086 0.16515146475964265
20 27.809697021928333 7.187424909177358 0.17911772529047543 0.16066931136601695
21 26.427981533966417 5.3237653846853 0.19413121882386883 0.16610252283408394
22 24.001091290317248 4.804948977542326 0.20560712143140938 0.19797130526292725
23 22.757201934131437 7.363289706052485 0.18132770120517291 0.15589866930441884
24 23.607975057832004 7.243096422291951 0.19141654422047252 0.12982539578447508
25 24.05625566076382 7.656673663740934 0.17345338322289863 0.171168303339276
26 21.98977454121977 6.698397660676567 0.17801523861421067 0.16274618844323424
27 23.32158799749969 6.487424338361643 0.2206354403297683 0.19803728235015192
28 24.514588438601994 8.765978085603454 0.18190036724170072 0.1911144272911112
29 28.447328828619582 6.568142502745849 0.2246485103329974 0.20039190571972956
30 26.15898050669586 6.639178516253497 0.20836253896081502 0.18237806615306587
31 20.482191041195577 7.133979319611167 0.19477982393583074 0.17139126353193415
32 23.32327821086252 5.9809185899942925 0.1815661892149712 0.15038957196965544
33 23.05343304094434 6.74497698035093 0.1971004583649091 0.17454256482988326
34 22.897181772304698 5.72051867652308 0.19674294422059269 0.16536437310338556
35 21.901074878009613 8.767229221607941 0.17792161847433288 0.16510253896580865
36 21.91678900200591 7.099416002396108 0.19755072548430874 0.15054136389703962
37 23.24011851680001 8.479549119502892 0.18568439708020157 0.15066219538585887
38 24.16748758701022 7.831962676562289 0.17644926996969373 0.15538245329618264
