1 25.058809100437642 7.393346838232201 
2 21.37278570848852 7.577202493558923 
3 25.606889600203804 8.373661531147556 
4 27.352989575976032 7.014096837317768 
5 21.101622948899593 6.182305201118536 
6 24.65690544260104 7.03509618725962 
7 26.550064972847277 8.881118164717263 
8 27.214615632302753 10.212778519145864 
9 20.95724774055977 5.897050712055923 
10 26.11798772123846 6.0818128609781645 
11 24.84559272164918 6.2738642215489655 
12 25.10463316759345 7.352195675401759 
13 25.276108093345467 8.015076673701076 
14 26.38748809713906 5.417026302640878 
15 22.310980522443213 7.214262878443771 
16 24.490586977967183 5.9791983581787544 
17 26.442725748278995 7.875100593154974 
18 27.03852220555791 7.302576947976205 
19 25.40587801922951 8.087321983062202 
20 27.809697021928333 7.187424909177358 
21 26.427981533966417 5.3237653846853 
22 24.001091290317248 4.804948977542326 
23 22.757201934131437 7.363289706052485 
24 23.607975057832004 7.243096422291951 
25 24.05625566076382 7.656673663740934 
26 21.98977454121977 6.698397660676567 
27 23.32158799749969 6.487424338361643 
28 24.514588438601994 8.765978085603454 
29 28.447328828619582 6.568142502745849 
30 26.15898050669586 6.639178516253497 
31 20.482191041195577 7.133979319611167 
32 23.32327821086252 5.9809185899942925 
33 23.05343304094434 6.74497698035093 
34 22.897181772304698 5.72051867652308 
35 21.901074878009613 8.767229221607941 
36 21.91678900200591 7.099416002396108 
37 23.24011851680001 8.479549119502892 
38 24.16748758701022 7.831962676562289 
