[17]
13
Opponent17_D1 103.06130300000015 34 47 0 31 0 1 2 0 0 5 36 2 4 0 0 0 
Opponent17_D2 81.61951999999934 39 37 1 36 0 1 0 1 0 3 33 0 0 0 0 1 
Opponent17_D3 121.85838000000092 40 46 2 36 0 2 0 0 0 4 31 3 8 0 0 0 
Opponent17_D4 117.9672069999989 33 36 0 32 1 0 0 0 0 3 32 0 1 0 0 0 
Opponent17_F1 7.373868999999786 19 10 3 9 4 2 0 0 1 1 9 0 0 0 0 0 
Opponent17_F2 0 7 1 2 1 1 2 0 0 1 1 0 0 0 0 0 0 
Opponent17_M1 90.26330600000003 41 50 3 38 0 0 0 0 0 0 44 1 3 0 0 2 
Opponent17_M2 77.73832500000051 31 22 4 21 2 2 0 0 2 0 22 0 0 0 0 0 
Opponent17_M3 66.01612700000055 22 14 2 14 3 2 0 0 1 1 11 0 0 0 1 1 
Opponent17_M4 75.87155799999903 33 30 0 28 1 4 0 0 0 0 29 0 0 0 0 1 
Opponent17_M5 114.66037700000041 45 51 2 42 1 0 0 0 0 1 48 1 1 0 0 0 
Opponent17_M6 3.6031330000005255 4 1 0 3 0 1 0 0 0 0 1 0 0 0 0 0 
Opponent17_G1 40.442349999998896 14 17 0 14 0 0 0 0 0 0 9 6 0 2 0 0 

[35]
14
Opponent17_D1 22.748047000000383 15 17 0 14 0 1 0 0 0 3 10 0 3 0 1 0 
Opponent17_D2 11.17576999999983 17 13 3 13 0 0 1 0 0 2 10 0 0 0 0 1 
Opponent17_D3 48.16869000000088 18 31 2 15 0 0 1 0 0 8 20 1 2 0 0 0 
Opponent17_D5 85.59688199999937 21 23 3 16 0 1 1 0 0 3 16 0 4 0 0 0 
Opponent17_F1 2.4537709999999606 6 3 0 3 2 1 0 0 0 0 3 0 0 0 0 0 
Opponent17_F3 125.33913600000068 31 13 4 17 1 6 0 2 1 0 12 0 0 0 1 0 
Opponent17_F4 39.43138800000037 21 14 0 14 0 6 0 1 0 2 11 0 0 0 1 0 
Opponent17_M1 40.717332 25 23 5 19 0 0 1 0 0 1 18 0 4 0 0 0 
Opponent17_M2 20.635295999999244 19 24 0 15 0 3 0 1 0 1 19 0 3 0 1 0 
Opponent17_M3 38.178029 26 34 1 24 0 1 0 0 0 0 31 0 3 0 0 0 
Opponent17_M5 6.633371999999326 6 7 1 5 0 0 0 0 0 0 6 0 1 0 0 0 
Opponent17_M7 39.776547000000164 24 25 3 16 1 2 0 1 1 2 19 1 1 0 1 1 
Opponent17_M8 3.335780000000341 5 2 0 5 0 0 0 0 0 0 2 0 0 0 0 0 
Opponent17_G2 17.662599999999998 6 11 0 6 0 0 0 0 0 0 5 2 0 4 0 0 

