[7]
11
Opponent7_D1 23.146829000000366 10 14 0 10 0 0 0 0 0 4 9 0 1 0 0 0 
Opponent7_D2 27.74441099999956 20 17 2 14 0 2 1 0 1 2 10 0 4 0 0 1 
Opponent7_D3 41.60372800000056 17 18 0 17 0 0 0 0 0 2 11 0 5 0 0 0 
Opponent7_D4 61.87157800000068 11 13 0 10 0 1 0 0 0 3 8 0 1 0 0 1 
Opponent7_F1 34.61167900000126 24 14 2 10 3 7 0 0 2 2 12 0 0 0 0 0 
Opponent7_M1 20.30162600000017 19 13 6 11 1 1 0 0 0 0 12 1 0 0 0 0 
Opponent7_M2 42.60378799999944 21 28 1 20 0 0 0 0 0 1 27 0 0 0 0 0 
Opponent7_M3 319.7957639999996 19 27 3 16 0 0 0 0 0 1 24 0 1 0 0 1 
Opponent7_M4 36.76837599999986 21 16 2 16 1 2 0 0 0 0 14 1 1 0 0 0 
Opponent7_M5 10.868082000000157 9 12 0 8 0 1 0 0 0 1 11 0 0 0 0 0 
Opponent7_G1 15.05647899999974 8 7 0 8 0 0 0 0 0 0 2 3 1 1 0 0 

[29]
11
Opponent7_D1 74.6461619999991 29 31 0 25 0 0 4 0 0 2 27 0 2 0 0 0 
Opponent7_D2 48.473580999999 22 22 0 22 0 0 0 0 0 2 14 1 5 0 0 0 
Opponent7_D3 212.95493999999997 17 26 0 17 0 0 0 0 0 3 21 1 1 0 0 0 
Opponent7_D4 87.88145299999996 28 23 0 27 0 0 0 1 0 1 16 0 2 0 2 2 
Opponent7_F1 5.291638000000148 13 7 4 2 2 4 0 0 1 1 6 0 0 0 0 0 
Opponent7_F2 39.61481000000023 19 9 4 2 2 7 0 2 2 2 7 0 0 0 0 0 
Opponent7_M1 11.95954299999994 5 10 1 3 0 0 0 1 0 1 8 0 0 0 1 0 
Opponent7_M2 28.948179999999184 23 29 3 18 2 0 0 0 0 2 27 0 0 0 0 0 
Opponent7_M6 53.30798900000036 30 35 2 27 0 0 1 0 0 1 32 1 1 0 0 0 
Opponent7_M7 142.77565300000012 26 21 1 24 0 1 0 0 0 0 17 0 2 0 1 1 
Opponent7_G1 21.629149999999584 13 12 0 12 0 1 0 0 0 0 4 3 0 5 0 0 

