member name | ball catch time | catch ount | pass count | catch_Head pass | catch_Simple pass | catch_Launch | catch_High pass | catch_Hand pass | catch_Smart pass | catch_Cross  | pass_Head pass | pass_Simple pass | pass_Launch | pass_High pass | pass_Hand pass | pass_Smart pass | pass_Cross 
[2]
14
Opponent2_D1 17.438322000000262 10 11 1 8 0 1 0 0 0 2 9 0 0 0 0 0 
Opponent2_D2 203.0590969999983 48 56 0 45 0 2 1 0 0 2 51 0 2 0 0 1 
Opponent2_D3 56.647977000001305 22 26 2 20 0 0 0 0 0 0 26 0 0 0 0 0 
Opponent2_D4 187.19714300000174 49 53 0 47 0 0 2 0 0 2 47 1 3 0 0 0 
Opponent2_D5 82.4537879999989 22 16 0 16 0 4 0 1 1 1 14 0 0 0 0 1 
Opponent2_F1 53.93773899999984 20 20 2 16 0 0 0 1 1 1 19 0 0 0 0 0 
Opponent2_F2 50.93576699999892 32 21 2 26 1 0 0 0 3 1 17 0 0 0 1 2 
Opponent2_F3 37.97695500000145 25 17 1 23 1 0 0 0 0 0 14 0 0 0 2 1 
Opponent2_M1 110.85558700000081 42 50 0 41 0 1 0 0 0 2 44 1 2 0 1 0 
Opponent2_M2 250.37302300000255 44 49 2 38 0 0 0 2 2 2 45 0 0 0 0 2 
Opponent2_M3 20.73690099999999 14 14 1 10 1 0 1 1 0 0 14 0 0 0 0 0 
Opponent2_M4 101.07582599999603 54 47 3 50 0 1 0 0 0 0 45 0 1 0 1 0 
Opponent2_M5 151.34817300000032 17 15 0 17 0 0 0 0 0 1 14 0 0 0 0 0 
Opponent2_G1 64.63529399999942 17 21 0 17 0 0 0 0 0 0 15 1 1 4 0 0 

[32]
14
Opponent2_D1 111.02912299999986 45 44 0 40 0 1 0 3 1 0 41 0 2 0 0 1 
Opponent2_D2 272.8856749999992 102 107 1 98 0 2 1 0 0 1 102 0 3 0 0 1 
Opponent2_D4 191.01450499999976 78 90 1 77 0 0 0 0 0 5 85 0 0 0 0 0 
Opponent2_D5 2.8931769999999233 2 1 1 1 0 0 0 0 0 1 0 0 0 0 0 0 
Opponent2_D6 202.4493169999996 58 70 2 54 0 1 1 0 0 5 60 0 3 0 1 1 
Opponent2_F1 106.89572000000027 39 35 1 33 0 1 0 1 3 2 31 0 0 0 2 0 
Opponent2_F3 54.560845999998946 33 28 0 31 0 1 0 0 1 0 27 0 0 0 0 1 
Opponent2_M1 365.4903049999981 159 163 0 159 0 0 0 0 0 3 158 0 1 0 1 0 
Opponent2_M2 316.00884700000034 96 91 2 89 0 1 1 1 2 1 85 0 3 0 0 2 
Opponent2_M3 94.58827600000097 53 42 5 40 0 7 0 0 1 0 40 0 1 0 0 1 
Opponent2_M4 267.92298600000174 130 122 2 126 0 2 0 0 0 1 118 0 1 0 1 1 
Opponent2_M5 65.02155099999982 31 30 1 30 0 0 0 0 0 0 30 0 0 0 0 0 
Opponent2_M6 58.44373000000087 31 29 0 30 0 1 0 0 0 0 29 0 0 0 0 0 
Opponent2_G1 79.9005999999979 20 25 3 17 0 0 0 0 0 0 19 0 3 3 0 0 

