1 46.634068022323774 59.85476450925463
2 42.24303401169907 57.573249405793625
3 35.24279419094619 48.88500887050207
4 46.03524480821647 48.43277485275089
5 39.62393005443318 52.118100942977655
6 51.445074510257406 52.37326276314954
7 51.519780499568334 50.55576271832496
8 45.50313875911631 48.25973695903515
9 50.56584638546813 62.34210885913121
10 54.85863665370293 49.97944388598246
11 53.012098611358894 58.23147746967566
12 45.24464866600956 49.376191792380475
13 47.71746267653222 49.18989133158576
14 44.825830367812685 47.917316403660024
15 50.01413592947078 54.72707165049309
16 42.92026047708423 51.554590378325486
17 44.316371703061755 47.29990438269391
18 46.02254900663949 47.37459315047838
19 44.655496521881105 47.290113926066454
20 52.00729105521646 48.73713608703985
21 45.09791986138218 43.581849088010536
22 53.702285078913306 48.57693255221452
23 42.419764856145434 46.42039760172489
24 49.89873871856812 46.623004871633235
25 47.89031968579735 53.85496978725705
26 51.19619820154872 52.722330102453576
27 53.460495522734576 55.64885717566466
28 47.345950792862965 52.55146325948326
29 52.12319636366816 37.438672842958674
30 50.978260178056836 50.262979920753104
31 48.112035699183565 49.460486998179334
32 45.04480648934974 46.19805039116781
33 52.59506880343561 41.83016905558338
34 45.052010789297334 44.19828396701126
35 43.962619991194536 51.320113649681446
36 46.190109681149956 43.58960610757674
37 47.434392234769206 49.21670329951574
38 51.04911061724705 51.90150354471162
