member name | ball catch time | catch ount | pass count | catch_Head pass | catch_Simple pass | catch_Launch | catch_High pass | catch_Hand pass | catch_Smart pass | catch_Cross  | pass_Head pass | pass_Simple pass | pass_Launch | pass_High pass | pass_Hand pass | pass_Smart pass | pass_Cross 
[9]
13
Opponent9_D1 66.27955200000181 25 40 0 24 1 0 0 0 0 4 36 0 0 0 0 0 
Opponent9_D2 150.80861399999833 54 73 2 50 0 1 1 0 0 3 67 1 2 0 0 0 
Opponent9_D3 123.39204700000056 44 55 0 41 0 1 2 0 0 4 48 0 2 0 0 1 
Opponent9_D4 109.13289199999849 55 48 6 45 0 2 1 0 1 4 39 3 1 0 0 1 
Opponent9_D5 58.39558200000005 31 32 2 26 0 2 0 1 0 1 27 0 2 0 0 2 
Opponent9_F1 100.72056499999948 49 32 1 44 1 2 0 0 1 1 24 0 3 0 2 2 
Opponent9_F2 32.21444700000001 24 15 2 15 1 4 0 0 2 0 15 0 0 0 0 0 
Opponent9_M1 95.03434200000004 49 49 0 44 1 1 0 1 2 1 47 0 1 0 0 0 
Opponent9_M2 117.52756300000061 56 42 3 48 1 3 0 0 1 0 39 0 2 0 0 1 
Opponent9_M3 178.90800400000208 74 76 6 65 2 1 0 0 0 8 64 0 4 0 0 0 
Opponent9_M4 34.0384410000006 16 12 2 14 0 0 0 0 0 0 12 0 0 0 0 0 
Opponent9_M5 17.508505000000696 9 10 1 8 0 0 0 0 0 1 9 0 0 0 0 0 
Opponent9_G1 38.393732999999884 15 17 2 13 0 0 0 0 0 0 10 3 0 4 0 0 

[26]
13
Opponent9_D2 17.44134300000053 14 13 1 12 0 1 0 0 0 0 13 0 0 0 0 0 
Opponent9_D3 95.12707299999784 32 37 3 29 0 0 0 0 0 2 34 0 1 0 0 0 
Opponent9_D4 185.58834700000307 18 18 1 16 0 1 0 0 0 3 15 0 0 0 0 0 
Opponent9_D5 54.84941399999889 31 24 1 26 0 2 2 0 0 0 23 0 1 0 0 0 
Opponent9_D6 247.78609900000055 46 45 0 45 0 0 1 0 0 3 42 0 0 0 0 0 
Opponent9_F3 22.09606599999961 13 10 0 9 1 1 0 1 1 0 10 0 0 0 0 0 
Opponent9_M1 114.86396499999643 51 50 2 48 0 0 1 0 0 0 48 0 1 0 1 0 
Opponent9_M2 85.37615600000095 43 46 0 42 0 1 0 0 0 0 44 0 0 0 1 1 
Opponent9_M3 114.93601300000148 59 62 2 57 0 0 0 0 0 3 56 0 3 0 0 0 
Opponent9_M4 9.166970999998739 5 6 0 5 0 0 0 0 0 0 6 0 0 0 0 0 
Opponent9_M6 159.76570700000013 41 41 0 38 1 1 0 1 0 0 39 1 1 0 0 0 
Opponent9_G1 18.421931000000086 8 5 1 7 0 0 0 0 0 0 3 0 0 2 0 0 
Opponent9_G2 2.6331159999999727 1 5 0 1 0 0 0 0 0 0 2 1 0 2 0 0 

