member name | ball catch time | catch ount | pass count | catch_Head pass | catch_Simple pass | catch_Launch | catch_High pass | catch_Hand pass | catch_Smart pass | catch_Cross  | pass_Head pass | pass_Simple pass | pass_Launch | pass_High pass | pass_Hand pass | pass_Smart pass | pass_Cross 
[8]
14
Opponent8_D1 76.24506799999949 31 30 0 29 0 2 0 0 0 0 27 1 1 0 0 1 
Opponent8_D2 30.784043000000224 13 19 1 12 0 0 0 0 0 4 14 0 1 0 0 0 
Opponent8_D3 113.47762099999949 34 34 0 30 0 0 2 0 2 2 30 0 2 0 0 0 
Opponent8_D4 52.9940170000001 20 23 0 17 0 2 0 1 0 0 18 1 2 0 0 2 
Opponent8_D5 1.1494949999996606 2 2 0 2 0 0 0 0 0 0 1 1 0 0 0 0 
Opponent8_F1 33.39737900000034 26 13 1 12 8 5 0 0 0 2 11 0 0 0 0 0 
Opponent8_F2 1.851372000000083 4 7 0 3 0 0 0 0 1 0 7 0 0 0 0 0 
Opponent8_F3 4.948617000000013 4 3 2 1 0 1 0 0 0 1 2 0 0 0 0 0 
Opponent8_M1 88.08069599999828 26 34 2 24 0 0 0 0 0 1 30 1 1 0 1 0 
Opponent8_M2 89.43576700000006 31 21 3 23 3 2 0 0 0 1 20 0 0 0 0 0 
Opponent8_M3 46.49993800000016 25 29 0 23 1 0 0 0 1 0 27 0 2 0 0 0 
Opponent8_M4 15.72617399999882 23 18 1 22 0 0 0 0 0 1 16 0 1 0 0 0 
Opponent8_M5 185.17234400000336 24 27 1 20 0 1 1 0 1 0 25 0 0 0 0 2 
Opponent8_G1 55.65562200000056 14 17 1 13 0 0 0 0 0 0 3 8 3 3 0 0 

[30]
12
Opponent8_D2 33.36265399999979 13 15 0 13 0 0 0 0 0 1 14 0 0 0 0 0 
Opponent8_D3 24.401739000001044 12 21 1 10 0 0 1 0 0 1 20 0 0 0 0 0 
Opponent8_D6 22.24488000000042 14 11 0 13 0 0 1 0 0 2 8 0 1 0 0 0 
Opponent8_D7 30.030312000000094 24 16 0 23 0 0 1 0 0 0 15 0 1 0 0 0 
Opponent8_F1 17.189443999999185 10 8 2 5 0 2 0 0 1 1 7 0 0 0 0 0 
Opponent8_F2 13.669703999999797 10 12 3 7 0 0 0 0 0 0 11 0 0 0 1 0 
Opponent8_F5 0 2 5 1 0 0 0 0 0 1 1 4 0 0 0 0 0 
Opponent8_M1 33.547698999999966 12 19 0 9 0 1 0 1 1 5 14 0 0 0 0 0 
Opponent8_M2 168.82139199999847 29 26 2 26 0 1 0 0 0 0 23 0 1 0 0 2 
Opponent8_M5 490.7692880000018 15 17 0 13 1 0 1 0 0 0 16 0 0 0 0 1 
Opponent8_M6 34.4473830000004 15 14 1 14 0 0 0 0 0 1 13 0 0 0 0 0 
Opponent8_G1 10.296681999999919 12 8 2 10 0 0 0 0 0 0 2 1 1 4 0 0 

