[6]
14
Opponent6_D1 113.05902300000236 33 29 4 27 0 2 0 0 0 0 27 0 2 0 0 0 
Opponent6_D2 98.02031800000026 30 29 0 23 0 6 1 0 0 0 27 0 2 0 0 0 
Opponent6_D3 78.8437469999995 27 38 2 24 0 0 1 0 0 4 29 0 5 0 0 0 
Opponent6_D4 214.47588999999903 14 26 1 13 0 0 0 0 0 5 19 0 2 0 0 0 
Opponent6_D5 95.94029699999828 8 9 0 7 0 0 1 0 0 2 7 0 0 0 0 0 
Opponent6_F1 11.43935899999991 9 7 0 5 0 2 0 2 0 0 6 0 0 0 0 1 
Opponent6_F2 42.030339999999796 23 13 0 15 1 5 0 2 0 0 11 0 0 0 1 1 
Opponent6_F3 0 2 1 0 0 0 2 0 0 0 0 1 0 0 0 0 0 
Opponent6_F4 11.401198999999906 4 2 0 4 0 0 0 0 0 0 2 0 0 0 0 0 
Opponent6_M1 151.18558999999982 45 43 2 42 0 0 1 0 0 3 34 0 6 0 0 0 
Opponent6_M2 51.342966000000104 33 26 6 23 0 1 0 0 3 2 23 0 0 0 1 0 
Opponent6_M3 51.2552729999984 33 38 0 32 0 1 0 0 0 1 35 0 2 0 0 0 
Opponent6_M4 52.03448900000126 23 23 1 22 0 0 0 0 0 0 20 0 0 0 2 1 
Opponent6_G1 26.249069000000418 10 10 1 9 0 0 0 0 0 0 5 1 0 4 0 0 

[21]
13
Opponent6_D2 45.908309000001 29 28 2 27 0 0 0 0 0 2 26 0 0 0 0 0 
Opponent6_D3 49.355171999998674 22 20 0 22 0 0 0 0 0 1 14 1 0 0 0 4 
Opponent6_D4 57.120595000000776 16 16 1 12 1 0 1 0 1 2 14 0 0 0 0 0 
Opponent6_D5 95.88857300000063 10 18 0 7 0 0 3 0 0 2 15 1 0 0 0 0 
Opponent6_F2 5.22153800000001 5 6 0 4 0 0 0 0 1 0 5 0 0 0 0 1 
Opponent6_F3 16.92300800000112 14 18 3 10 1 0 0 0 0 2 16 0 0 0 0 0 
Opponent6_F5 4.440679000000046 6 9 1 2 0 1 0 0 2 1 8 0 0 0 0 0 
Opponent6_M3 20.252426999999756 24 23 0 24 0 0 0 0 0 2 20 0 1 0 0 0 
Opponent6_M4 20.645525999999222 13 16 1 12 0 0 0 0 0 0 16 0 0 0 0 0 
Opponent6_M5 38.17430499999966 18 17 3 14 0 0 1 0 0 1 16 0 0 0 0 0 
Opponent6_M6 48.35901000000143 37 23 3 33 0 0 0 0 1 0 23 0 0 0 0 0 
Opponent6_M7 7.133011999999326 2 3 0 2 0 0 0 0 0 1 2 0 0 0 0 0 
Opponent6_G1 11.93251899999973 7 7 0 7 0 0 0 0 0 0 2 0 0 5 0 0 

