[4]
14
Opponent4_D1 117.34695999999956 40 48 0 38 0 2 0 0 0 7 41 0 0 0 0 0 
Opponent4_D2 305.951361999999 29 39 0 26 0 0 3 0 0 4 34 0 1 0 0 0 
Opponent4_D3 171.78337199999999 37 35 1 34 0 1 1 0 0 0 29 0 6 0 0 0 
Opponent4_D4 118.43219599999782 41 43 2 37 0 2 0 0 0 4 32 0 3 0 2 2 
Opponent4_D5 135.10341199999925 42 37 6 29 0 4 2 0 1 1 29 1 2 0 0 4 
Opponent4_F1 35.52387600000009 18 14 0 12 0 3 0 1 2 1 9 0 1 0 1 2 
Opponent4_F2 5.5341650000009395 5 3 1 3 0 0 0 0 1 0 3 0 0 0 0 0 
Opponent4_M1 91.16735100000102 28 34 3 23 0 1 0 1 0 1 29 0 1 0 2 1 
Opponent4_M2 35.3966309999999 28 20 1 19 0 3 0 2 3 2 18 0 0 0 0 0 
Opponent4_M3 30.899737000000528 23 31 2 20 0 1 0 0 0 1 27 0 3 0 0 0 
Opponent4_M4 108.08113100000003 28 19 3 17 1 2 1 1 3 1 17 0 0 0 0 1 
Opponent4_M5 2.2706060000000434 1 1 0 1 0 0 0 0 0 0 1 0 0 0 0 0 
Opponent4_M6 7.978640000000269 7 5 1 6 0 0 0 0 0 0 5 0 0 0 0 0 
Opponent4_G1 141.9371420000005 18 16 2 16 0 0 0 0 0 0 7 0 2 7 0 0 

[23]
14
Opponent4_D1 124.30473899999953 43 50 0 40 0 1 2 0 0 7 39 1 3 0 0 0 
Opponent4_D2 127.11412700000074 36 44 0 36 0 0 0 0 0 2 42 0 0 0 0 0 
Opponent4_D5 111.47397199999688 45 49 0 44 0 0 0 1 0 3 45 0 0 0 0 1 
Opponent4_D6 126.86532699999802 48 40 1 39 0 6 0 2 0 3 36 0 0 0 0 1 
Opponent4_F1 27.20355500000028 31 16 1 22 3 2 0 1 2 0 13 0 1 0 1 1 
Opponent4_F2 61.86647599999969 37 27 1 29 1 3 0 0 3 1 23 0 0 0 3 0 
Opponent4_M1 197.31493700000112 58 60 7 50 0 0 0 0 1 2 49 0 6 0 2 1 
Opponent4_M2 24.32241300000078 11 12 0 10 0 1 0 0 0 0 11 0 0 0 0 1 
Opponent4_M3 177.57659399999972 49 49 3 46 0 0 0 0 0 0 46 0 2 0 0 1 
Opponent4_M4 66.6900820000007 47 33 2 39 0 1 1 4 0 0 31 0 1 0 1 0 
Opponent4_M5 164.11659400000187 45 62 4 40 0 0 1 0 0 1 60 0 0 0 1 0 
Opponent4_M7 31.08153299999958 8 8 0 8 0 0 0 0 0 0 8 0 0 0 0 0 
Opponent4_M8 5.924885000000359 1 1 0 1 0 0 0 0 0 0 1 0 0 0 0 0 
Opponent4_G1 43.861884999999575 14 22 0 14 0 0 0 0 0 0 14 3 1 4 0 0 

