member name | ball catch time | catch ount | pass count | catch_Head pass | catch_Simple pass | catch_Launch | catch_High pass | catch_Hand pass | catch_Smart pass | catch_Cross  | pass_Head pass | pass_Simple pass | pass_Launch | pass_High pass | pass_Hand pass | pass_Smart pass | pass_Cross 
[5]
14
Opponent5_D1 73.60384100000022 30 44 0 29 0 0 1 0 0 3 41 0 0 0 0 0 
Opponent5_D2 75.44802800000036 32 25 3 27 0 2 0 0 0 0 22 0 1 0 1 1 
Opponent5_D3 203.50460000000044 49 47 0 47 0 2 0 0 0 0 43 0 3 0 0 1 
Opponent5_D4 72.54144699999978 24 28 1 23 0 0 0 0 0 1 27 0 0 0 0 0 
Opponent5_F1 20.498829000001024 19 11 3 9 1 3 0 3 0 0 9 0 0 0 1 1 
Opponent5_F2 34.7374309999995 17 11 0 16 0 0 0 0 1 0 10 0 0 0 1 0 
Opponent5_F3 2.596027999999933 1 1 0 0 0 1 0 0 0 1 0 0 0 0 0 0 
Opponent5_M1 199.27926399999956 59 69 3 56 0 0 0 0 0 3 61 0 5 0 0 0 
Opponent5_M2 50.83685800000006 32 38 0 31 0 0 0 0 1 2 36 0 0 0 0 0 
Opponent5_M3 124.14126699999719 44 42 1 42 0 1 0 0 0 3 37 0 1 0 1 0 
Opponent5_M4 50.56556199999943 37 33 2 34 0 1 0 0 0 0 31 0 2 0 0 0 
Opponent5_M5 7.2810719999993125 12 6 1 7 0 2 0 1 1 1 5 0 0 0 0 0 
Opponent5_M6 21.400272000001678 10 14 0 10 0 0 0 0 0 0 14 0 0 0 0 0 
Opponent5_G1 19.026041000000077 7 4 0 7 0 0 0 0 0 0 2 1 0 1 0 0 

[22]
12
Opponent5_D1 96.84551000000187 32 39 1 31 0 0 0 0 0 0 39 0 0 0 0 0 
Opponent5_D5 80.94713500000108 33 38 0 31 0 0 0 2 0 5 30 0 2 0 1 0 
Opponent5_D6 111.00538399999925 33 40 0 33 0 0 0 0 0 1 36 0 3 0 0 0 
Opponent5_D7 76.26536500000117 35 34 0 34 0 0 1 0 0 2 32 0 0 0 0 0 
Opponent5_F2 6.06021200000032 3 2 0 3 0 0 0 0 0 0 1 0 0 0 0 1 
Opponent5_F3 61.95392699999974 35 21 1 25 0 5 0 3 1 0 19 0 0 0 1 1 
Opponent5_M1 183.72048400000017 51 60 0 51 0 0 0 0 0 1 57 0 2 0 0 0 
Opponent5_M4 322.7209489999995 48 51 4 42 0 2 0 0 0 1 50 0 0 0 0 0 
Opponent5_M5 139.5019710000007 58 51 2 50 1 3 0 2 0 1 49 0 0 0 1 0 
Opponent5_M6 179.685164999998 84 85 1 82 0 0 0 0 1 1 82 0 1 0 1 0 
Opponent5_M7 245.11534600000198 54 48 4 46 0 1 1 0 2 1 39 0 3 0 3 2 
Opponent5_G1 20.00630500000034 10 7 0 10 0 0 0 0 0 0 4 1 0 2 0 0 

