p.s. 注意 Oppo 是敌队的意思。
[传球次数统计] 
比赛场次 | Husk队 | Oppo队
1  369  197
2  180  416
3  324  471
4  354  345
5  382  373
6  318  294
7  384  179
8  295  277
9  168  501
10  359  214
11  183  317
12  132  426
13  247  504
14  347  347
15  271  224
16  80  605
17  304  362
18  312  302
19  248  498
20  230  230
21  366  204
22  239  476
23  236  473
24  320  186
25  249  273
26  287  423
27  283  220
28  238  260
29  236  239
30  312  172
31  329  215
32  109  877
33  207  446
34  336  293
35  347  240
36  302  298
37  293  246
38  275  355

[配合次数统计] 
比赛场次 | Husk队二元配合 | Oppo 队二元配合 | Husk 队三元配合 | Oppo 队三元配合
1 42 9 196 83
2 8 45 86 215
3 31 52 195 252
4 36 36 190 165
5 37 51 228 189
6 28 23 165 152
7 45 18 171 86
8 38 24 144 128
9 13 65 74 266
10 36 13 202 100
11 11 37 75 147
12 14 54 60 210
13 29 80 122 274
14 32 38 206 183
15 21 22 136 97
16 3 70 27 347
17 31 51 174 168
18 32 34 178 143
19 20 48 111 255
20 21 16 109 99
21 30 29 181 60
22 20 67 120 265
23 18 50 111 256
24 34 9 155 60
25 17 26 122 138
26 29 49 150 256
27 36 20 137 101
28 14 32 105 108
29 21 20 79 102
30 36 19 148 74
31 27 18 177 94
32 12 174 39 542
33 16 54 93 243
34 35 26 179 143
35 38 23 183 87
36 24 25 142 129
37 24 21 143 126
38 34 54 147 170
