1 46.05986249356647 57.08746865962995
2 44.12000855103093 60.72693843086541
3 39.25109037554713 49.48612197921043
4 43.45887307844708 52.419096609983086
5 40.35806994196388 52.27396198568592
6 53.57596095433222 57.491018782294354
7 51.92350896083078 49.88840490767897
8 43.21444922062539 49.43023229889123
9 49.02488298196137 60.852682026171
10 55.0176809940887 51.13458890816119
11 56.9939213203909 50.42036978336804
12 47.47008855134037 46.56196878136235
13 42.45021091322821 50.77487695454552
14 43.881814663246466 48.22903179528761
15 50.19611790679499 54.92434726217259
16 41.56078495379402 49.39793476432268
17 44.17154911340976 48.77017280264813
18 46.997021972899375 45.66609152291538
19 44.27748785869142 46.836541693410666
20 44.709376528132225 50.90423112181932
21 42.74115026979168 45.398176114259904
22 48.93270068617404 46.919899104076556
23 43.76675882998321 47.10176863149013
24 47.250716686391144 51.67547499781865
25 47.25180426806491 54.814979876657
26 52.8533015338087 51.40247849416512
27 51.825769599877404 53.26254636853095
28 45.150016907965615 55.96554378726476
29 51.07010832399591 44.317165652575795
30 53.76180037248653 47.228026653848595
31 48.70958602732854 48.19301094188563
32 45.62393151193675 50.196638365305176
33 52.569709855245684 42.715858743926525
34 43.67307653626593 45.0576438092425
35 43.599964268427485 49.432183811309756
36 46.09196379756826 45.81583369477308
37 48.166479046018026 50.649548518264886
38 51.61810868028759 50.22971138286408
