[1]
13
Opponent1_D1 114.7009700000001 17 15 0 13 0 4 0 0 0 0 13 0 0 0 0 2 
Opponent1_D2 123.39226199999962 18 22 1 17 0 0 0 0 0 2 14 0 6 0 0 0 
Opponent1_D3 226.17289400000038 23 24 2 18 0 0 2 0 1 3 17 0 3 0 1 0 
Opponent1_D4 17.175849999999627 7 8 0 4 0 1 1 0 1 2 6 0 0 0 0 0 
Opponent1_F1 9.497945999999956 7 4 0 1 1 5 0 0 0 0 4 0 0 0 0 0 
Opponent1_F2 45.570404999999596 19 17 2 16 0 1 0 0 0 0 15 0 1 0 1 0 
Opponent1_F3 26.996945999999753 12 8 2 6 2 0 0 2 0 0 8 0 0 0 0 0 
Opponent1_F4 50.36431700000048 8 3 0 1 1 4 0 0 2 3 0 0 0 0 0 0 
Opponent1_F5 15.504618999999366 9 6 1 6 0 1 0 0 1 0 6 0 0 0 0 0 
Opponent1_M1 43.66831599999989 29 32 3 24 1 1 0 0 0 2 25 0 4 0 0 1 
Opponent1_M2 37.2600139999995 19 17 0 17 0 1 0 1 0 1 14 0 1 0 0 1 
Opponent1_M3 148.99065300000018 18 27 3 15 0 0 0 0 0 1 22 0 2 0 1 1 
Opponent1_G1 258.23506499999905 11 14 0 11 0 0 0 0 0 0 5 5 1 3 0 0 

[31]
13
Opponent1_D3 38.88203999999985 13 20 1 12 0 0 0 0 0 2 18 0 0 0 0 0 
Opponent1_D4 26.432501999999545 9 14 0 9 0 0 0 0 0 1 10 0 3 0 0 0 
Opponent1_D5 30.264706000000388 19 26 0 19 0 0 0 0 0 6 20 0 0 0 0 0 
Opponent1_D6 136.544631000001 17 19 1 15 0 1 0 0 0 1 13 1 4 0 0 0 
Opponent1_F1 5.124799000000166 2 3 0 1 0 1 0 0 0 0 3 0 0 0 0 0 
Opponent1_F4 3.7698529999997845 19 6 2 7 5 4 0 1 0 0 6 0 0 0 0 0 
Opponent1_F6 115.50732799999969 2 3 1 1 0 0 0 0 0 0 3 0 0 0 0 0 
Opponent1_M2 48.40163800000005 25 19 2 21 0 2 0 0 0 0 17 0 1 0 1 0 
Opponent1_M3 123.19467099999787 41 38 2 37 1 0 0 1 0 1 36 1 0 0 0 0 
Opponent1_M4 140.3296820000004 24 25 4 17 1 2 0 0 0 2 22 0 0 0 1 0 
Opponent1_M5 21.09513400000003 15 13 0 15 0 0 0 0 0 2 8 1 2 0 0 0 
Opponent1_M6 33.59482800000137 17 21 2 15 0 0 0 0 0 0 20 1 0 0 0 0 
Opponent1_G1 74.83394099999941 12 8 0 11 1 0 0 0 0 0 4 4 0 0 0 0 

