[13]
14
Opponent13_D1 202.65180499999894 55 56 0 52 0 1 2 0 0 0 54 0 1 0 1 0 
Opponent13_D2 200.24414699999767 58 73 0 58 0 0 0 0 0 1 69 0 3 0 0 0 
Opponent13_D3 108.01330100000376 63 41 0 54 1 6 1 1 0 1 35 1 1 0 2 1 
Opponent13_D4 127.77007300000247 69 58 2 61 0 4 0 2 0 1 57 0 0 0 0 0 
Opponent13_D5 3.1010599999999613 1 2 0 1 0 0 0 0 0 0 2 0 0 0 0 0 
Opponent13_F1 11.464271999999198 17 14 2 12 1 0 0 0 2 2 12 0 0 0 0 0 
Opponent13_F2 5.61124000000018 3 1 0 3 0 0 0 0 0 0 1 0 0 0 0 0 
Opponent13_M1 40.64986899999906 23 29 0 21 0 1 0 1 0 1 26 0 0 0 1 1 
Opponent13_M2 140.27579799999944 61 80 1 59 0 1 0 0 0 3 74 0 3 0 0 0 
Opponent13_M3 93.77261500000066 51 58 3 47 0 0 0 1 0 1 54 0 3 0 0 0 
Opponent13_M4 66.55981099999991 46 37 3 40 0 0 0 2 1 2 35 0 0 0 0 0 
Opponent13_M5 216.1989279999994 40 36 1 38 0 1 0 0 0 0 29 1 2 0 3 1 
Opponent13_M6 9.60429700000077 5 7 0 5 0 0 0 0 0 0 7 0 0 0 0 0 
Opponent13_G1 27.595694999999637 12 12 0 12 0 0 0 0 0 0 8 0 1 3 0 0 

[37]
14
Opponent13_D2 91.82410999999968 22 28 1 20 0 1 0 0 0 1 24 1 2 0 0 0 
Opponent13_D3 95.83854899999977 29 25 2 24 0 3 0 0 0 1 19 1 3 0 0 1 
Opponent13_D4 38.231878999999935 22 19 0 20 1 0 1 0 0 1 17 0 1 0 0 0 
Opponent13_D5 26.52928099999974 15 20 0 13 0 2 0 0 0 2 17 0 1 0 0 0 
Opponent13_D6 96.9294220000022 29 29 1 27 0 1 0 0 0 1 25 0 3 0 0 0 
Opponent13_F1 11.566357000000266 14 7 2 7 2 2 0 1 0 0 5 0 1 0 1 0 
Opponent13_F2 8.607592999999724 3 3 0 2 1 0 0 0 0 1 2 0 0 0 0 0 
Opponent13_M1 31.473611999999946 22 17 0 20 0 2 0 0 0 1 15 0 0 0 1 0 
Opponent13_M2 245.15887899999996 36 40 1 34 0 0 0 1 0 1 37 1 0 0 1 0 
Opponent13_M4 8.175297000000683 5 7 0 5 0 0 0 0 0 0 6 0 1 0 0 0 
Opponent13_M6 32.48462100000026 14 12 0 10 0 3 0 1 0 1 11 0 0 0 0 0 
Opponent13_M7 51.966974999999366 23 28 2 21 0 0 0 0 0 1 24 0 3 0 0 0 
Opponent13_M8 247.16114299999936 8 7 2 3 1 1 0 0 1 0 7 0 0 0 0 0 
Opponent13_G2 6.098126999999977 4 4 0 4 0 0 0 0 0 0 1 2 0 1 0 0 

