[15]
13
Opponent15_D1 67.26712699999993 30 29 0 30 0 0 0 0 0 4 24 0 1 0 0 0 
Opponent15_D2 60.49224299999983 24 25 2 18 1 2 1 0 0 1 23 0 1 0 0 0 
Opponent15_D3 60.793634999998915 26 25 1 24 0 0 1 0 0 1 24 0 0 0 0 0 
Opponent15_D4 81.27672599999937 18 14 0 16 0 2 0 0 0 0 13 1 0 0 0 0 
Opponent15_F1 5.549736999999823 8 11 1 7 0 0 0 0 0 0 11 0 0 0 0 0 
Opponent15_F2 105.05635599999994 7 10 2 4 0 1 0 0 0 1 9 0 0 0 0 0 
Opponent15_F3 18.445228000000043 6 6 1 4 0 1 0 0 0 1 5 0 0 0 0 0 
Opponent15_F4 0.9314450000001671 2 2 0 2 0 0 0 0 0 0 2 0 0 0 0 0 
Opponent15_M1 25.337898000000564 13 11 0 10 0 3 0 0 0 1 10 0 0 0 0 0 
Opponent15_M2 52.41054600000018 27 29 2 25 0 0 0 0 0 2 26 0 1 0 0 0 
Opponent15_M3 325.0366160000015 37 40 1 36 0 0 0 0 0 1 35 0 4 0 0 0 
Opponent15_M4 246.32303800000045 9 10 1 8 0 0 0 0 0 0 10 0 0 0 0 0 
Opponent15_G1 35.30525200000079 17 12 1 16 0 0 0 0 0 0 8 0 2 2 0 0 

[36]
13
Opponent15_D1 168.51584500000064 26 26 0 24 0 0 2 0 0 1 23 0 2 0 0 0 
Opponent15_D3 175.2488949999988 33 36 1 29 0 1 2 0 0 3 32 0 1 0 0 0 
Opponent15_D4 105.07875100000001 3 3 0 2 0 1 0 0 0 1 2 0 0 0 0 0 
Opponent15_D5 45.53418599999844 23 24 0 23 0 0 0 0 0 1 23 0 0 0 0 0 
Opponent15_D6 198.27334600000046 24 19 0 21 0 3 0 0 0 1 14 0 4 0 0 0 
Opponent15_F3 58.41814200000019 28 20 3 23 0 1 1 0 0 0 20 0 0 0 0 0 
Opponent15_F4 34.86018699999994 14 12 3 6 1 4 0 0 0 0 12 0 0 0 0 0 
Opponent15_M3 99.92623799999814 47 54 3 44 0 0 0 0 0 0 51 0 3 0 0 0 
Opponent15_M5 183.65946200000042 28 28 1 26 0 1 0 0 0 0 27 0 1 0 0 0 
Opponent15_M6 45.92993799999999 24 28 1 23 0 0 0 0 0 2 26 0 0 0 0 0 
Opponent15_M7 187.80951799999985 30 27 0 28 1 1 0 0 0 2 24 0 1 0 0 0 
Opponent15_M8 12.833493999999973 7 8 0 7 0 0 0 0 0 1 7 0 0 0 0 0 
Opponent15_G1 33.69225600000016 11 13 0 11 0 0 0 0 0 0 6 2 0 5 0 0 

