member name | ball catch time | catch ount | pass count | catch_Head pass | catch_Simple pass | catch_Launch | catch_High pass | catch_Hand pass | catch_Smart pass | catch_Cross  | pass_Head pass | pass_Simple pass | pass_Launch | pass_High pass | pass_Hand pass | pass_Smart pass | pass_Cross 
[12]
13
Opponent12_D1 98.65978300000017 30 37 2 27 0 0 1 0 0 4 30 0 3 0 0 0 
Opponent12_D2 134.83239099999804 49 44 2 45 0 1 0 1 0 2 39 0 2 0 0 1 
Opponent12_D3 129.9788709999998 34 49 2 31 1 0 0 0 0 2 47 0 0 0 0 0 
Opponent12_D4 99.09369500000003 38 42 1 35 1 0 0 1 0 2 38 0 2 0 0 0 
Opponent12_F1 5.002610000000459 6 2 0 1 1 2 0 1 1 0 2 0 0 0 0 0 
Opponent12_M1 303.2769290000004 45 40 2 37 0 3 0 2 1 0 39 0 1 0 0 0 
Opponent12_M2 99.98542500000138 47 53 1 45 0 0 0 1 0 1 48 0 2 0 2 0 
Opponent12_M3 71.77394200000012 44 32 1 40 1 2 0 0 0 0 28 0 0 0 3 1 
Opponent12_M4 55.10300900000084 28 26 0 22 2 3 0 1 0 1 24 0 0 0 1 0 
Opponent12_M5 178.28156600000045 50 69 3 47 0 0 0 0 0 4 63 0 2 0 0 0 
Opponent12_M6 24.351568999999586 35 10 0 30 0 3 0 1 1 0 7 0 0 0 2 1 
Opponent12_M7 53.17305100000067 4 4 0 3 1 0 0 0 0 0 4 0 0 0 0 0 
Opponent12_G1 55.55751300000077 16 18 2 14 0 0 0 0 0 0 8 7 2 1 0 0 

[27]
11
Opponent12_D2 67.95090700000193 25 21 0 22 0 1 0 1 1 0 18 0 0 0 1 2 
Opponent12_D5 36.48891799999819 13 16 1 11 0 0 1 0 0 1 15 0 0 0 0 0 
Opponent12_D6 59.906615000001125 14 22 0 14 0 0 0 0 0 3 17 0 1 0 0 1 
Opponent12_D7 204.15140900000029 23 19 2 18 0 2 0 1 0 2 15 0 0 0 2 0 
Opponent12_F1 16.670817000000625 17 12 1 5 0 5 0 2 4 2 10 0 0 0 0 0 
Opponent12_F2 25.37960499999963 20 18 2 16 1 1 0 0 0 0 15 0 0 0 1 2 
Opponent12_M2 156.8498049999995 35 33 1 34 0 0 0 0 0 0 29 0 4 0 0 0 
Opponent12_M3 77.425800000001 26 21 1 22 1 1 0 1 0 0 20 0 0 0 1 0 
Opponent12_M4 102.18773699999838 23 23 5 17 0 0 0 1 0 2 19 0 1 0 1 0 
Opponent12_M5 63.95823400000063 22 30 1 21 0 0 0 0 0 4 23 0 3 0 0 0 
Opponent12_G2 0 2 5 0 2 0 0 0 0 0 0 1 2 1 1 0 0 

