[11]
14
Opponent11_D1 116.14825899999889 45 40 1 42 0 0 1 1 0 1 36 2 0 0 0 1 
Opponent11_D2 59.158779000000095 33 26 1 30 0 2 0 0 0 2 19 2 2 0 0 1 
Opponent11_D3 9.565938000000187 5 10 0 5 0 0 0 0 0 1 7 2 0 0 0 0 
Opponent11_D4 74.81613399999839 20 28 0 15 2 0 3 0 0 5 19 2 2 0 0 0 
Opponent11_D5 12.822457000001123 4 8 0 4 0 0 0 0 0 2 5 0 1 0 0 0 
Opponent11_F1 23.705900999998676 31 18 1 22 1 4 1 1 1 2 15 1 0 0 0 0 
Opponent11_F2 36.816746000000194 29 18 7 12 3 5 0 0 2 2 13 0 0 0 2 1 
Opponent11_F3 6.443817999999737 5 2 0 2 2 1 0 0 0 0 2 0 0 0 0 0 
Opponent11_M1 354.05002399999955 34 43 1 30 3 0 0 0 0 2 39 0 2 0 0 0 
Opponent11_M2 251.00407099999967 45 55 4 40 0 0 0 1 0 1 51 0 3 0 0 0 
Opponent11_M3 52.597526000000386 29 35 1 26 2 0 0 0 0 3 28 1 0 0 2 1 
Opponent11_M4 55.553080000000705 29 25 5 20 1 1 0 1 1 1 21 0 3 0 0 0 
Opponent11_G1 10.737565000000245 5 5 0 5 0 0 0 0 0 0 0 3 0 2 0 0 
Opponent11_G2 9.11442199999965 3 4 1 2 0 0 0 0 0 0 0 1 0 3 0 0 

[28]
14
Opponent11_D1 33.29919299999892 12 11 1 9 0 1 0 0 1 0 10 0 0 0 0 1 
Opponent11_D2 149.23310700000042 17 14 1 16 0 0 0 0 0 1 13 0 0 0 0 0 
Opponent11_D5 137.7093570000004 28 27 1 27 0 0 0 0 0 0 26 0 1 0 0 0 
Opponent11_D6 98.03001200000136 27 27 0 24 0 2 0 1 0 3 21 0 1 0 1 1 
Opponent11_D7 46.571186999999895 20 24 1 18 0 0 1 0 0 5 18 1 0 0 0 0 
Opponent11_F1 130.52358400000048 18 12 1 13 0 3 0 1 0 0 12 0 0 0 0 0 
Opponent11_F3 16.409967999999026 10 10 0 9 0 1 0 0 0 1 7 0 0 0 0 2 
Opponent11_F4 7.191478999999731 15 8 1 11 0 1 0 0 2 0 7 0 1 0 0 0 
Opponent11_F5 210.13313600000015 16 14 1 14 0 1 0 0 0 0 13 0 0 0 1 0 
Opponent11_M2 84.42610199999956 37 55 3 34 0 0 0 0 0 3 51 0 1 0 0 0 
Opponent11_M3 27.428118000000723 8 10 0 7 0 0 0 0 1 0 10 0 0 0 0 0 
Opponent11_M5 445.6214280000001 28 33 2 26 0 0 0 0 0 1 30 0 2 0 0 0 
Opponent11_M6 11.174550000000409 13 9 1 10 1 0 0 0 1 0 7 0 1 0 0 1 
Opponent11_G2 113.9252869999998 11 6 1 10 0 0 0 0 0 0 3 0 2 1 0 0 

