[14]
14
Opponent14_D1 324.5463379999999 42 35 1 40 0 0 0 1 0 0 32 0 1 0 0 2 
Opponent14_D2 192.42389499999945 37 29 2 34 0 0 1 0 0 2 25 0 2 0 0 0 
Opponent14_D3 105.72288099999906 36 44 0 36 0 0 0 0 0 3 38 0 3 0 0 0 
Opponent14_D4 154.1009690000002 50 54 0 48 0 1 1 0 0 1 48 1 4 0 0 0 
Opponent14_D5 72.95058500000039 21 22 1 17 0 3 0 0 0 1 21 0 0 0 0 0 
Opponent14_D6 7.06717000000026 3 6 0 3 0 0 0 0 0 1 5 0 0 0 0 0 
Opponent14_F1 121.13371500000011 11 7 0 8 0 3 0 0 0 1 5 0 0 0 1 0 
Opponent14_F2 11.996133999999074 16 12 1 9 0 4 0 0 2 0 12 0 0 0 0 0 
Opponent14_F3 23.57434400000011 6 7 0 1 2 3 0 0 0 0 6 0 0 0 0 1 
Opponent14_F4 1.6372280000005048 5 3 0 5 0 0 0 0 0 0 3 0 0 0 0 0 
Opponent14_M1 247.0454279999982 59 64 4 55 0 0 0 0 0 1 59 0 3 0 1 0 
Opponent14_M2 47.11233999999905 22 24 0 22 0 0 0 0 0 1 23 0 0 0 0 0 
Opponent14_M3 37.961118000001875 23 31 2 19 0 0 0 1 1 3 28 0 0 0 0 0 
Opponent14_G1 48.77825899999971 16 9 3 13 0 0 0 0 0 0 5 1 1 2 0 0 

[38]
14
Opponent14_D1 43.93978299999958 26 25 0 22 1 2 0 0 1 3 21 0 1 0 0 0 
Opponent14_D2 139.4843280000004 38 35 2 34 0 1 1 0 0 3 30 0 0 0 1 1 
Opponent14_D4 54.74775400000101 19 20 1 17 0 0 0 0 1 0 19 0 1 0 0 0 
Opponent14_D5 37.539414000000136 11 13 0 11 0 0 0 0 0 0 11 0 1 0 0 1 
Opponent14_D6 72.55802400000061 23 27 0 20 0 3 0 0 0 1 25 0 1 0 0 0 
Opponent14_D7 12.492369999999937 1 1 0 1 0 0 0 0 0 0 1 0 0 0 0 0 
Opponent14_F1 185.94706899999957 41 31 0 33 1 5 0 1 1 0 28 0 0 0 1 2 
Opponent14_M1 131.27311699999984 46 49 1 42 0 1 0 0 2 1 48 0 0 0 0 0 
Opponent14_M2 6.760284999999385 4 4 0 4 0 0 0 0 0 0 3 0 1 0 0 0 
Opponent14_M3 39.288135000000125 24 28 2 22 0 0 0 0 0 1 27 0 0 0 0 0 
Opponent14_M4 140.1669879999987 39 42 0 37 0 0 1 1 0 2 39 0 1 0 0 0 
Opponent14_M5 234.50290099999998 42 43 1 41 0 0 0 0 0 0 40 0 2 0 0 1 
Opponent14_M6 59.38496600000167 29 24 3 24 1 0 1 0 0 0 23 0 1 0 0 0 
Opponent14_G2 17.0547710000003 12 13 1 11 0 0 0 0 0 0 4 3 3 3 0 0 

